0.03654861
0.03958312
0.03745061
0.03830642
0.03670157
0.03844432
0.03781367
0.03767748
0.03846075
0.03997424
0.04049950
0.04070926
0.04199109
0.04253003
0.04165130
0.04226142
0.04139158
0.05837327
0.04944323
0.05528641
0.04096111
0.04200546
0.04115855
0.04119003
0.03909585
0.04109867
0.04043414
0.04325478
0.03918003
0.03993797
0.03943085
0.04011933
0.04025381
0.04057067
0.04056417
0.03910269
0.04114760
0.04006287
0.04312270
0.03982607
0.04167936
0.04034654
0.03976072
0.04061892
0.03999477
0.03986406
0.04082355
0.04003960
0.04411572
0.04238802
0.04072842
0.03939081
0.03994276
0.03959681
0.03982026
0.03912664
0.03959065
0.03968988
0.04855970
0.04014499
0.04192402
0.03948594
0.03989246
0.03917044
0.04015012
0.03973608
0.04173513
0.03951331
0.04234320
0.04002009
0.04243319
0.03934667
0.04078762
0.03920261
0.03993249
0.03944864
0.04039958
0.04025004
0.04202462
0.04194729
0.04081089
0.04003857
0.03999443
0.03904383
0.04044612
0.03940689
0.04130843
0.03963992
0.04073355
0.04665235
0.04456741
0.03985995
0.04024765
0.03951297
0.04084442
0.03958415
0.03994242
0.03987295
0.04034517
0.04878247
0.04159963
0.03999717
0.04000025
0.04074074
0.04000264
0.03999990
0.03989109
0.04011077
0.04010598
0.04606208
0.04819630
0.04001941
0.04034175
0.03929124
0.04208724
0.03959236
0.04153974
0.04163864
0.04207869
0.04106513
0.04047725
0.03948149
0.04111167
0.03966251
0.03975353
0.04024115
0.05122636
0.08763023
0.04967728
0.04829040
0.04048273
0.04080883
0.04001462
0.04020351
0.03963445
0.04094742
0.04719985
0.04219743
0.04016860
0.04337455
0.04177277
0.04140184
0.04059839
0.04021651
0.04018537
0.04130911
0.05013924
0.04191239
0.04087077
0.04059497
0.04030685
0.04150313
0.04034141
0.04281268
0.04070618
0.04082115
0.05133723
0.03935112
0.04043722
0.03922998
0.04388783
0.03988630
0.03938910
0.04075408
0.03960228
0.04112946
0.05224642
0.04087145
0.03931656
0.04195824
0.03981957
0.03958107
0.03973505
0.03961700
0.04010530
0.04005842
0.04917359
0.04187851
0.04004952
0.04071952
0.03985927
0.04040095
0.03999272
0.04044783
0.03911809
0.04046117
0.04579552
0.04264124
0.03951297
0.04195858
0.03936891
0.04082628
0.03982676
0.04145899
0.04108053
0.04054672
0.04076024
0.04119722
0.03994071
0.04153119
0.04006629
0.04049231
0.03970049
0.04036331
0.03955301
0.04174232
0.04036912
0.05440528
0.04117189
0.04180802
0.03953727
0.04096076
0.03946712
0.04078214
0.04013609
0.04021480
0.04147849
0.04888238
0.04012583
0.04018571
0.04051250
0.04037323
0.03983771
0.04017921
0.04071234
0.04130261
0.04227579
0.04721970
0.04077188
0.04660958
0.04015834
0.04099019
0.04001462
0.03936309
0.03984181
0.04060249
0.03968441
0.05135708
0.04003447
0.04185319
0.04079994
0.04135907
0.04058299
0.04097240
0.04008237
0.04102510
0.04065793
0.04992674
0.03995645
0.04403600
0.04053337
0.04088925
0.04021548
0.04094434
0.04046767
0.04052995
0.04173650
0.05208559
0.04055014
0.04065964
0.04120988
0.04088754
0.04049060
0.04136386
0.03942777
0.04060215
0.04035304
0.05252667
0.04051079
0.04321133
0.04022985
0.04271310
0.04043893
0.03980931
0.04092278
0.04216492
0.04134059
0.04424370
0.04018229
0.04183300
0.04049300
0.03957730
0.04055562
0.03984045
0.04052037
0.03982676
0.04013678
0.05358882
0.04021582
0.04043448
0.03973608
0.03977646
0.04029008
0.03983052
0.04166738
0.03994173
0.04059565
0.04753896
0.04189664
0.03986406
0.04161674
0.03988082
0.04100388
0.04072910
0.04026613
0.04040437
0.04006013
0.04689257
0.04311414
0.04184189
0.03987569
0.04042045
0.03986885
0.04062611
0.04128139
0.04029316
0.03963958
0.03966217
0.04295434
0.04010496
0.04173821
0.04223404
0.04080507
0.04145967
0.04144393
0.04296084
0.04023738
0.04203728
0.04862643
0.04130740
0.04168962
0.04213446
0.04163282
0.04403668
0.04072089
0.04016929
0.04058641
0.04091799
0.04834720
0.04100114
0.04209477
0.04166122
0.04050566
0.04032361
0.04045604
0.04171939
0.04066204
0.04231822
0.04487504
0.04187132
0.03989246
0.04126326
0.04852480
0.04605421
0.03961768
0.04031677
0.04088891
0.04337489
0.04407603
0.03942332
0.04006800
0.04020385
0.04035167
0.04249273
0.04196679
0.04110380
0.03987432
0.04136283
0.04774838
0.04260326
0.04049607
0.04092449
0.03991675
0.04082663
0.03946849
0.04005568
0.04004849
0.04048649
