0.03602301
0.04109730
0.03783352
0.03887959
0.03679396
0.03705402
0.03652945
0.03769596
0.03648154
0.03718131
0.03874613
0.03968441
0.04055733
0.04115376
0.04183266
0.04286537
0.04255741
0.04380160
0.04522133
0.05593725
0.04949832
0.04514913
0.04291807
0.04518985
0.04312030
0.04427484
0.04219606
0.04430666
0.04445244
0.04249547
0.04187988
0.04144530
0.04282500
0.04153153
0.04162769
0.04094639
0.04590331
0.04355146
0.05375854
0.04165506
0.04475972
0.04234251
0.04431864
0.04067264
0.04363324
0.04095153
0.04680531
0.04240616
0.04519122
0.04026510
0.04101654
0.04055801
0.04054467
0.03999682
0.04112980
0.04047999
0.04288146
0.04146583
0.04103947
0.04242190
0.04393402
0.04057067
0.04156164
0.04029110
0.04062884
0.04001599
0.04050668
0.04042045
0.05714790
0.04130911
0.04607372
0.04066306
0.04248760
0.04053714
0.04335778
0.04060489
0.04396756
0.04082389
0.04351929
0.04071576
0.04260839
0.04068975
0.04323323
0.04063261
0.04023909
0.04058847
0.04328934
0.04311859
0.05297767
0.04055630
0.04272371
0.04221727
0.04592042
0.04101415
0.04139842
0.04271618
0.04348131
0.04762143
0.04254851
0.04952364
0.04229050
0.04432138
0.04175943
0.04055356
0.04041566
0.04181281
0.04352956
0.04460197
0.04682139
0.04539961
0.04433609
0.04139295
0.05469340
0.04324110
0.04069968
0.04203455
0.04271071
0.05398165
0.04199998
0.04347823
0.04336189
0.04312236
0.04130056
0.04143811
0.04179262
0.04297795
0.05712155
0.04489933
0.04152879
0.04178543
0.04178817
0.04459410
0.04090054
0.04076366
0.04042045
0.04189049
0.04148978
0.04984016
0.04104460
0.04178714
0.04123896
0.04133614
0.04064253
0.04064287
0.04009195
0.04085777
0.04190212
0.05111652
0.04132211
0.04120440
0.04075716
0.04194592
0.04598885
0.04217998
0.04052003
0.04137857
0.04161400
0.04878897
0.04144359
0.04163419
0.04084545
0.04220769
0.04069283
0.04126052
0.04011454
0.04075614
0.04167901
0.04491336
0.04133751
0.04128721
0.04063192
0.04083963
0.04145488
0.04019358
0.04189938
0.04193736
0.04216081
0.05089821
0.04328318
0.04122288
0.04202462
0.04102989
0.04038178
0.04159928
0.04051661
0.04193976
0.04219058
0.04776925
0.04236407
0.04108327
0.04229187
0.04128242
0.04145488
0.04103776
0.04077154
0.04114418
0.04103673
0.05208149
0.04588757
0.04167491
0.04092004
0.04074758
0.04197774
0.04080438
0.04110140
0.04073013
0.04118319
0.04728437
0.04203181
0.04103228
0.04243251
0.04228503
0.04300944
0.04103878
0.04102099
0.04341082
0.04049710
0.04741440
0.04539379
0.04074279
0.04115718
0.04046630
0.04106787
0.04007587
0.04103468
0.04057204
0.04118490
0.04141964
0.04931867
0.04302552
0.04042969
0.04111406
0.04172795
0.04082663
0.04111817
0.04069215
0.03993489
0.04075716
0.04925639
0.04200375
0.04131766
0.04049368
0.04204002
0.04063500
0.04260086
0.04058675
0.04288077
0.04043859
0.04787636
0.04152195
0.04155343
0.04172008
0.04097171
0.04074005
0.04226894
0.04040505
0.04095529
0.04193257
0.05209449
0.04173547
0.04087659
0.04047828
0.04083347
0.04046938
0.04080575
0.04059702
0.04187440
0.04102065
0.04553785
0.04196440
0.04149560
0.04097514
0.04231309
0.04071439
0.04060626
0.04046870
0.04093065
0.04102030
0.05340712
0.04302620
0.04099943
0.04076469
0.04154967
0.04073903
0.04075751
0.04016484
0.04123691
0.04066135
0.04055664
0.04337113
0.04215294
0.04128892
0.04362503
0.04239179
0.04197569
0.04077530
0.04119242
0.04148055
0.05844855
0.04591357
0.04365685
0.04614352
0.04523468
0.04251942
0.04322193
0.04182068
0.04183197
0.04554059
0.05806736
0.04172316
0.04179365
0.04152743
0.04256288
0.04047828
0.04266348
0.04103468
0.04187646
0.04119687
0.05495380
0.04114144
0.04226415
0.04071850
0.04209751
0.04051353
0.04192641
0.03991333
0.03994892
0.04041566
0.05068502
0.04055972
0.04129713
4.40969692
9.14356116
4.38942893
1.24022958
1.23881841
1.03800243
1.28751413
1.08906882
1.03812117
1.08780992
0.89015574
0.99307177
0.99327263
1.04445194
0.94295050
1.09379098
0.94427613
0.99653640
1.09488357
1.04694237
1.04533033
0.99502668
0.99579728
1.09460401
0.89630789
1.04419599
0.99415718
1.04460798
1.09391348
0.89332027
0.99398472
0.99331849
0.99297185
0.94358902
1.14267319
3.89280391
1.29290697
7.04344797
0.94376730
1.04202653
2.14389377
1.09233258
0.74238706
0.39174690
0.24245481
0.24263001
0.24317477
0.14234333
0.19265793
0.19203310
0.24252256
0.14172021
0.19134120
0.19231096
0.19252106
0.14221432
0.19154549
0.14239294
0.19222781
0.19145755
0.19255767
0.19220591
0.69218435
0.29241765
0.19222541
0.19311612
0.19248239
0.19245981
0.19179049
0.19244372
0.19212891
0.19264185
0.19366669
0.19496084
0.19195303
0.19204371
0.19175114
0.19214294
0.19409511
0.24417737
0.19296385
0.19975931
0.19180315
0.19217614
0.19179220
0.24226284
0.19244988
0.44138808
0.19157628
0.29208813
0.44270310
0.29183046
0.19249642
0.19233765
21.14337741
