0.05204795
0.05940770
0.06080109
0.06144508
0.06096910
0.06187829
0.05810294
0.05912916
0.05915585
0.06443374
0.06115525
0.08965323
0.06207744
0.07381958
0.06308997
0.06519545
0.06319571
0.06588529
0.07843602
0.06826794
0.06527278
0.06633424
0.06706960
0.06589693
0.06843630
0.06651458
0.06601601
0.06568204
0.06842329
0.06511503
0.06840618
0.06863784
0.06594141
0.06494805
0.06833706
0.06898927
0.06968186
0.06736867
0.07193413
0.06894136
0.06800583
0.06811567
0.06692315
0.06985911
0.07676238
0.06893931
0.06691391
0.06693512
0.06963806
0.06876411
0.08082722
0.06792438
0.06572789
0.06899988
0.06839352
0.06816049
0.07373163
0.06922743
0.06696866
0.06875521
0.06696079
0.06736423
0.06769615
0.07108550
0.06886950
0.06826965
0.06707063
0.06635991
0.06678353
0.07588467
0.06952069
0.06918397
0.06800446
0.06654537
0.07083229
0.07808630
0.09077047
0.06689440
0.06885924
0.06707953
0.06809035
0.06948647
0.07220959
0.06851637
0.06910253
0.06873126
0.06841405
0.06809719
0.07841925
0.06861115
0.06880072
0.06921614
0.06880415
0.06836923
0.07743820
0.07072963
0.06886403
0.06826828
0.06851739
0.06856770
0.06835041
0.07509525
0.06836136
0.06859678
0.06900569
0.06692486
0.07084221
0.07839050
0.07021601
0.06820498
0.06966167
0.07403242
0.06949194
0.08049461
0.07060781
0.07028171
0.06973216
0.07014073
0.06835930
0.07867897
0.06970068
0.06854614
0.06834117
0.06905394
0.07079259
0.07383566
0.06905873
0.06831893
0.06856325
0.06875727
0.06841508
0.06896874
0.08418988
0.06905497
0.06880928
0.06910116
0.06926028
0.06823030
0.07708404
0.06950494
0.07143659
0.06966885
0.06805750
0.06873845
0.07783958
0.06942453
0.07001754
0.06869978
0.06898208
0.06981839
0.07729243
0.07102836
0.06996655
0.06807084
0.07044938
0.06885582
0.06988819
0.07651703
0.07135070
0.07321664
0.06983344
0.07012020
0.06957715
0.07715726
0.07053493
0.06825288
0.06926541
0.06979238
0.06929758
0.07711073
0.07088841
0.07033509
0.06843185
0.06952821
0.06845751
0.07291141
0.06964764
0.06756714
0.06915044
0.06793157
0.06949673
0.06998264
0.06857933
0.06953198
0.06863750
0.06844690
0.06828471
0.06832440
0.09602338
0.07995806
0.06836102
0.06940640
0.06891878
0.06930511
0.08136068
0.06948612
0.06816255
0.07009179
0.06929074
0.07039874
0.08018254
0.07153206
0.06976603
0.07035767
0.07396193
0.06769170
0.07405979
0.06962950
0.06930066
0.06978075
0.06859404
0.07017939
0.07435304
0.07037376
0.06764961
0.06913470
0.06785355
0.06865906
0.06989538
0.07802847
0.07076522
0.07278309
0.07080354
0.07311399
0.07518011
0.07551819
0.07130279
0.07350237
0.06991180
0.07011198
0.07149408
0.07982564
0.07089936
0.06965482
0.06975132
0.07078267
0.06934104
0.08311952
0.06969452
0.06974790
0.07309277
0.07184174
0.06940332
0.08061506
0.06920416
0.06910527
0.06794081
0.07036999
0.07022011
0.08113861
0.06912170
0.06883631
0.06875419
0.06946970
0.07191873
0.07694545
0.07113478
0.06942966
0.06975474
0.06787100
0.07173600
0.07967234
0.07009419
0.06842124
0.06999872
0.06844246
0.06906387
0.06853553
0.06996484
0.06741213
0.06760205
0.06861355
0.06910596
0.06746551
0.07146259
0.07231875
0.07478386
0.06975269
0.07032346
0.07140374
0.07732904
0.07046101
0.07016879
0.07488617
0.06973626
0.06831653
0.07495392
0.06764927
0.07059686
0.06924249
0.06758186
0.06772523
0.06731221
0.08275338
0.06895950
0.06794149
0.06788298
0.06678969
0.06762874
0.08050727
0.06771497
0.06666103
0.06675205
0.06779846
0.06807495
0.07226468
0.06951042
0.06734164
0.06667575
0.06693170
0.06800411
0.06834117
0.07012738
0.06725609
0.06805681
0.06860020
0.06808898
0.06797982
0.06822209
0.07043980
0.07000043
0.06861902
0.07110261
0.06751513
0.06907276
0.10080373
0.06815981
0.06763763
0.06734883
0.06768349
0.07010856
0.10533496
0.08257442
0.07208093
0.06957646
0.07110296
0.08229554
0.08682404
0.08445405
0.07065538
0.08984520
0.07498164
0.07441156
0.07065811
0.06955867
0.07835526
0.09042931
0.08969669
0.06982626
0.08459401
0.08005901
0.06864845
0.06916481
0.07602600
0.07178220
0.08533450
