0.04775693
0.04933133
0.04905006
0.04900694
0.04797662
0.04724810
0.04954383
0.04796190
0.04883106
0.04908017
0.04895424
0.05178070
0.04910686
0.05346187
0.06544524
0.05278776
0.05227106
0.05041230
0.04929917
0.04981176
0.04902029
0.05000476
0.05763004
0.05017927
0.05020528
0.04897922
0.05155657
0.05031751
0.04885398
0.04958934
0.04961809
0.05140122
0.05135776
0.04936042
0.05070487
0.04981074
0.04900762
0.05079692
0.04874209
0.06072888
0.05013924
0.04852377
0.04991750
0.04839306
0.04845260
0.04936384
0.04847416
0.05082156
0.05140772
0.04919412
0.04936795
0.04868700
0.04938643
0.04844883
0.04838313
0.04929267
0.04890736
0.05519675
0.04906101
0.04890497
0.05005951
0.04868665
0.04995069
0.04884782
0.04907298
0.05642315
0.04946821
0.04905450
0.04890497
0.04899667
0.04982990
0.04860658
0.04867570
0.05984810
0.05026824
0.04961090
0.04961090
0.04928616
0.04959790
0.04858810
0.04979123
0.05238569
0.05226079
0.05005335
0.05110660
0.05145837
0.04958284
0.04978815
0.04935460
0.05070247
0.06511606
0.05175436
0.05010365
0.04986651
0.05129788
0.05080239
0.05090642
0.04920746
0.06112035
0.05041743
0.04992263
0.04920199
0.04922902
0.04908188
0.04950414
0.05100531
0.04957463
0.05613092
0.04901036
0.04960679
0.04934673
0.05004137
0.04933168
0.04933647
0.04928445
0.05879006
0.04999038
0.04973580
0.05002529
0.04898572
0.05055328
0.04899941
0.05182964
0.05164075
0.05268237
0.04980150
0.05105287
0.05057039
0.04951098
0.04953630
0.04906922
0.05057313
0.05629072
0.05010707
0.05007696
0.04912671
0.05009680
0.04924476
0.04986651
0.04941962
0.05154494
0.05047903
0.04975325
0.04981211
0.04983811
0.04987165
0.04960987
0.04994932
0.04946205
0.06020021
0.05149532
0.04965299
0.05018885
0.04954520
0.05071206
0.04980492
0.05142723
0.05024737
0.04951577
0.05035824
0.05018167
0.04946581
0.04944049
0.05034318
0.04891318
0.08468811
0.09058364
0.05477176
0.05000955
0.05197028
0.05064909
0.05086125
0.05075825
0.05213658
0.05050982
0.05031067
0.04913492
0.04906888
0.04949456
0.04980184
0.05110010
0.05635232
0.05045747
0.05041983
0.04963827
0.05001502
0.05014711
0.04920575
0.05293251
0.05792980
0.05051359
0.05081642
0.04866646
0.04932141
0.05027166
0.04900147
0.04924031
0.04950722
0.05146281
0.04939190
0.05031136
0.04896964
0.04895390
0.04980252
0.05045918
0.05014642
0.05830894
0.05071924
0.05024326
0.05001879
0.04967044
0.05093277
0.05023847
0.05229227
0.06489603
0.04982374
0.05132183
0.05011391
0.05002563
0.05058613
0.04975804
0.04916982
0.05003145
0.05178994
0.05486381
0.05041504
0.04848545
0.04993392
0.04850701
0.04965230
0.05023847
0.05166744
0.05127598
0.04968926
0.05065662
0.04915169
0.04904424
0.04861753
0.04865038
0.05839209
0.05031786
0.04892447
0.04945828
0.04870411
0.05156752
0.04896827
0.04972964
0.05074080
0.05086980
0.04967694
0.04910001
0.04868734
0.05034729
0.04970979
0.05006122
0.04855970
0.04882592
0.05350806
0.04990723
0.05033565
0.04855012
0.04853506
0.04977720
0.04930533
0.04899907
0.05672735
0.04975872
0.05011699
0.04847655
0.04909386
0.04892687
0.05046466
0.04990484
0.04949011
0.05064157
0.04971287
0.04873216
0.04966941
0.04934365
0.04841427
0.04951680
0.04849674
0.05763826
0.05112371
0.04879444
0.04957702
0.04978336
0.04882045
0.04922286
0.04848887
0.05212905
0.05227516
0.04943673
0.04902884
0.04905314
0.04962801
0.04944562
0.05021246
0.05007354
0.05496407
0.05105458
0.04985898
0.04906922
0.04933647
0.04923723
0.05025353
0.04960645
0.06444606
