0.02416898
0.04587354
0.02552370
0.05710992
0.02491529
0.06642321
0.02442973
0.06725404
0.02421518
0.06692588
0.02482016
0.06668670
0.02473188
0.06641774
0.02372859
0.06766672
0.02433426
0.06598042
0.02568590
0.06603996
0.02449646
0.06811053
0.02482564
0.06826281
0.02557674
0.07252714
0.02562156
0.06845409
0.02551583
0.06962539
0.02569856
0.06952890
0.02577315
0.06971436
0.02661288
0.07179896
0.02601850
0.06942864
0.02600550
0.06967672
0.02567358
0.06954840
0.02556955
0.06972702
0.02693214
0.06847975
0.02564552
0.07016160
0.02580943
0.06889619
0.02574578
0.06872887
0.02544637
0.06845751
0.02572764
0.06776322
0.02661117
0.06670723
0.02517193
0.06663024
0.02534439
0.06742924
0.02528040
0.07106326
0.02506551
0.06500519
0.02512026
0.06680304
0.02539914
0.06642663
0.02561780
0.06696489
0.02519007
0.06875042
0.02554560
0.06803628
0.02536287
0.06522624
0.02538785
0.06608171
0.02539812
0.06812935
0.02510726
0.06729784
0.02599694
0.06549726
0.02543815
0.06557048
0.02542344
0.06591370
0.02616188
0.06642698
0.02518117
0.06625520
0.02524208
0.06540726
0.02510349
0.06563002
0.02519691
0.06573405
0.02556168
0.06875213
0.02534097
0.06944335
0.02536835
0.06748468
0.02621594
0.06703025
0.02641475
0.06583842
0.02780574
0.06644409
0.02562670
0.06587537
0.02527596
0.06525293
0.02524721
0.06529297
0.02511718
0.06807426
0.02525063
0.06594073
0.02530607
0.06595202
0.02518254
0.06598350
0.02539093
0.06542403
0.02560035
0.06804210
0.02566913
0.06746893
0.02528862
0.06551231
0.02554218
0.06637394
0.02538990
0.06515678
0.02548332
0.06697311
0.02515345
0.06624151
0.02578479
0.06674726
0.02537006
0.06685642
0.02529101
0.06741658
0.02521539
0.06765132
0.02622313
0.06625999
0.02586794
0.06574363
0.02526330
0.06500416
0.02530059
0.06477729
0.02584262
0.06540144
0.02532010
0.06599787
0.02533618
0.06615973
0.02534747
0.06486592
0.02662828
0.06667232
0.02579334
0.06666890
0.02551514
0.06539597
0.02580840
0.06583568
0.02570369
0.06533814
0.02695096
0.06742445
0.02535740
0.06495113
0.02531462
0.06580249
0.02568179
0.06718218
0.02522121
0.06733446
0.02582722
0.06991831
0.02617899
0.06654229
0.02525645
0.06754250
0.02533139
0.06600506
0.02536766
0.06659123
0.02802679
0.06743540
0.02569650
0.06572720
0.02538477
0.06818992
0.02576563
0.06631679
0.02531873
0.06549281
0.02557879
0.06679414
0.02577692
0.06648617
0.02586144
0.07610880
0.02755150
0.07502407
0.02587752
0.06695292
0.02546553
0.06605605
0.02529923
0.06641808
0.02858593
0.06650534
0.02517330
0.06626854
0.02533310
0.06618402
0.02523660
0.06610464
0.02556545
0.06586511
0.02866155
0.06633561
0.02527425
0.06554242
0.02560138
0.06599035
0.02553499
0.06604167
0.02528656
0.06634485
0.02591277
0.06628292
0.02565715
0.06681536
0.02531941
0.06856393
0.02531668
0.06625520
0.02519691
0.06947997
0.02550077
0.06532616
0.02544705
0.06584560
0.02515516
0.06552771
0.02540393
0.06552155
0.02599284
0.06839455
0.02548332
0.06600403
0.02549188
0.06684547
0.02685241
0.07054519
0.02770445
0.06648652
0.02642913
0.06676300
0.02530059
0.06621345
0.02545526
0.06664324
0.02570437
0.06667540
0.02529135
0.06671920
0.02771677
0.06618300
0.02603664
0.06623877
0.02539504
0.06719553
0.02526809
0.06573781
0.02552678
0.06810266
0.02555860
0.06590377
0.02543713
0.06498877
0.02554184
0.06644888
0.02517159
0.06619395
0.02577007
0.07033885
0.02531394
0.06601019
0.02525098
0.06680167
0.02565681
0.06657925
0.02545150
0.06646154
0.02776981
0.06616794
0.02536869
0.06636846
0.02536356
0.06601567
0.02520444
0.06557596
0.02542755
0.06819745
0.02835050
0.06634143
0.02551925
0.06590172
0.02574954
0.06647317
0.02542686
0.06560710
0.02551207
0.07124941
0.02532489
0.06623706
0.02563183
0.06550547
0.02554731
0.06551539
0.02542481
0.06605468
0.02576802
0.06860055
0.02554184
0.06592465
0.02541625
0.06719245
0.02605922
0.06548049
0.02572183
0.06629797
0.02584262
0.06817487
0.02549496
0.06701075
0.02648285
0.06703778
0.02641989
0.06588085
0.02572422
0.06901493
0.02650851
0.06719313
0.02637711
0.06820156
0.02679253
0.06765816
0.02559727
0.06678798
0.02753815
0.06832953
0.02528143
0.06668293
0.02582482
0.06587298
0.02585288
0.06552634
0.02596649
0.06629455
0.02599831
0.06695531
0.02539606
0.06740084
0.02724216
0.06688208
0.02550180
0.06570359
0.02565578
0.06593389
0.02578445
0.06555816
0.02579916
0.06623706
0.02553465
0.06531966
0.02542241
0.06663297
0.02540051
0.06753566
0.02587478
0.06614296
0.02540462
0.06626410
0.02605169
0.06563413
0.02517809
0.06616931
0.02544808
0.06838428
0.02551720
0.06579427
0.02564962
0.06658815
