0.02471477
0.04630024
0.02573175
0.05664215
0.02533926
0.06643587
0.02460424
0.06598692
0.02459193
0.06733890
0.02481024
0.06523206
0.02452212
0.06463768
0.02477226
0.06508321
0.02630046
0.06880004
0.02546690
0.06520332
0.02539333
0.06691801
0.02499468
0.06805544
0.02479963
0.07331006
0.02544329
0.06941598
0.02527459
0.06905189
0.02528143
0.06996348
0.02577110
0.06982215
0.02617112
0.07057086
0.02560993
0.07027076
0.02557434
0.06947175
0.02537759
0.07032619
0.02527048
0.06977185
0.02542173
0.07044801
0.02511034
0.06880312
0.02514353
0.06927944
0.02470930
0.06791891
0.02489134
0.07393113
0.02524584
0.06793431
0.02487834
0.06634006
0.02466139
0.06777417
0.02453238
0.06735430
0.02456318
0.07313144
0.02480100
0.06619874
0.02503848
0.06676745
0.02470416
0.06706584
0.02497415
0.06563550
0.02544055
0.07473253
0.02477089
0.06620250
0.02491632
0.06564200
0.02457482
0.06506165
0.02460082
0.06546201
0.02467029
0.07045965
0.02478629
0.06582473
0.02467029
0.07180581
0.02458508
0.06590172
0.02474933
0.06745490
0.02546792
0.06758938
0.02494267
0.06628805
0.02487218
0.06580043
0.02504977
0.06596468
0.02734858
0.06590480
0.02493137
0.06564234
0.02487491
0.06572892
0.02488757
0.06587024
0.02486396
0.06517663
0.02603869
0.08404651
0.02531770
0.07384935
0.02483385
0.06607692
0.02478560
0.06566014
0.02472948
0.06644511
0.02556476
0.06682528
0.02595451
0.06473213
0.02498099
0.06676814
0.02557571
0.06622851
0.02478013
0.06730161
0.02477534
0.06527244
0.02477260
0.06578880
0.02484891
0.06522008
0.02483146
0.06540179
0.02485507
0.07482595
0.02476541
0.06547091
0.02477397
0.06571865
0.02478492
0.06550649
0.02478115
0.06665761
0.02511342
0.07274545
0.02528485
0.06703641
0.02568145
0.06612927
0.02485096
0.06474068
0.02499742
0.06616110
0.02475960
0.06629831
0.02486362
0.06535627
0.02495807
0.06590343
0.02478526
0.06550821
0.02513977
0.06620832
0.03137201
0.06530939
0.02496662
0.06552429
0.02522771
0.06533506
0.02489510
0.06507637
0.02496320
0.07160734
0.02484412
0.06554858
0.02491084
0.06617034
0.02470382
0.06512017
0.02504772
0.06621961
0.02525098
0.07425278
0.02532557
0.06750692
0.02524584
0.06614707
0.02465215
0.06545346
0.02490332
0.06589967
0.02566057
0.07499601
0.02494061
0.06651560
0.02501213
0.06623330
0.02498407
0.06637839
0.02511616
0.06757364
0.02968332
0.06648583
0.02511581
0.06677190
0.02484514
0.06629215
0.02489750
0.06664940
0.02501281
0.06675411
0.02872588
0.06740939
0.02508159
0.06656762
0.02476815
0.06654537
0.02511752
0.06604475
0.02486841
0.07225441
0.02516064
0.06651492
0.02493309
0.06560402
0.02484754
0.06495455
0.02477636
0.06523822
0.02558940
0.07167030
0.02533276
0.06627402
0.02485233
0.06549178
0.02493856
0.06569778
0.02546039
0.06548973
0.02514558
0.06931914
0.02605683
0.06605502
0.02599968
0.06556706
0.02494540
0.06558451
0.02539675
0.06583842
0.02530059
0.06684410
0.02489544
0.06634143
0.02470177
0.06584389
0.02519349
0.06564029
0.02523421
0.06636709
0.02546142
0.06756988
0.02484070
0.06608821
0.02495156
0.06614433
0.02522189
0.06559923
0.02488860
0.07461208
0.02497278
0.06618676
0.02482324
0.06586408
0.02491871
0.06585347
0.02502719
0.06547330
0.02478560
0.07885314
0.02504259
0.06620627
0.02484480
0.06655838
0.02474386
0.06697824
0.02627377
0.06632329
0.02623237
0.07232011
0.02542207
0.06686258
0.02548777
0.06618402
0.02580395
0.06630003
0.02560582
0.06763318
0.03491912
0.06701554
0.02531052
0.06670791
0.02531805
0.06670483
0.02534405
0.06622030
0.02594630
0.07276804
0.02575639
0.06665111
0.02503027
0.06647009
0.02532215
0.06691083
0.02515688
0.06685779
0.02598942
0.07172403
0.02503095
0.06586032
0.02471135
0.06670107
0.02506209
0.06568135
0.02487662
0.06606802
0.02525782
0.07058352
0.02561198
0.06623706
0.02546724
0.06567280
0.02573825
0.06597084
0.02492077
0.06655187
0.03179495
0.06604715
0.02495704
0.06624048
0.02484241
0.06569333
0.02494130
0.06697824
0.02598976
0.07571529
0.02571122
0.06664632
0.02482495
0.06593423
0.02508159
0.06613749
0.02525816
0.06701588
0.02507954
0.07101707
0.02480408
0.06576929
0.02490811
0.06674761
