2.74891236
0.00169553
0.04331946
13.10570863
0.00374249
0.11646698
2.79875288
0.00161579
0.04292824
14.01919818
0.00426155
0.12473156
2.78783176
0.00159560
0.04536253
13.09826267
0.00390773
0.11614139
2.71399823
0.00163324
0.04707002
13.01386457
0.00395358
0.11559835
2.72298088
0.00162503
0.04331696
13.13401601
0.00367813
0.11574035
2.71413955
0.00163769
0.04295253
14.07180336
0.00408464
0.10536228
2.73422502
0.00165069
0.04421930
14.02945136
0.00320044
0.10431623
2.73274850
0.00159081
0.04385282
13.90297569
0.00356863
0.11671318
2.73561804
0.00178448
0.06401219
13.53002075
0.00396761
0.12556991
