0.02343636
0.04793487
0.02507715
0.05565015
0.02428772
0.06718184
0.02383672
0.07004457
0.02378265
0.06654024
0.02386546
0.06534190
0.02396504
0.06307013
0.02416145
0.06767288
0.02406530
0.06331376
0.02417309
0.06180404
0.02342165
0.06336201
0.02408823
0.06479098
0.02434589
0.07233791
0.02403621
0.07061295
0.02399207
0.06830866
0.02591790
0.07552435
0.02839088
0.06935883
0.02666044
0.07658034
0.02429628
0.07085727
0.02393493
0.06930134
0.02543576
0.07039771
0.02436745
0.07756036
0.02475925
0.06919903
0.02451048
0.07239129
0.02800661
0.07530569
0.02581901
0.07324470
0.04213412
0.06907858
0.02434213
0.06727526
0.02431954
0.06899611
0.02454505
0.06834904
0.02420320
0.06756954
0.02419191
0.07545010
0.02363551
0.07315437
0.02399241
0.06684444
0.02361430
0.07051816
0.02334876
0.07160973
0.02455155
0.06921169
0.02408275
0.06853416
0.02629636
0.07099791
0.02397359
0.06646291
0.02447558
0.07065059
0.02678397
0.06825117
0.02388360
0.06408676
0.02377615
0.06670483
0.02391029
0.07082510
0.02395648
0.06689748
0.02374364
0.07098969
0.02415153
0.06512530
0.02375391
0.06705284
0.02642810
0.07474451
0.02401979
0.07148689
0.02423742
0.07019856
0.02390105
0.07375969
0.02385349
0.06557356
0.02432228
0.06566458
0.02571738
0.07025433
0.02426890
0.06666206
0.02410191
0.06404536
0.02640620
0.06521598
0.02393766
0.06404399
0.02496422
0.06456719
0.02446087
0.06476463
0.02387949
0.06416991
0.02402800
0.06436359
0.02404169
0.06444777
0.02382988
0.06510100
0.02367179
0.06406726
0.02373783
0.06484813
0.02489818
0.06501751
0.02438798
0.06525088
0.02518014
0.06664084
0.02407693
0.06493710
0.02448756
0.06568067
0.02502650
0.06577272
0.02459329
0.06477627
0.03776303
0.06495934
0.02424255
0.06517320
0.02446634
0.06675376
0.02437635
0.06411174
0.02491906
0.06536038
0.02536835
0.06714180
0.02435068
0.06560162
0.02428225
0.06523754
0.02407112
0.06477045
0.02430209
0.06735293
0.02445334
0.06541513
0.02435855
0.06520811
0.02436027
0.06536483
0.02402595
0.06548767
0.02429764
0.06705318
0.02434076
0.06763216
0.02452725
0.06605741
0.02435376
0.06463529
0.02476097
0.06434511
0.02429662
0.06543669
0.02484138
0.06959494
0.02497996
0.07594627
0.02896678
0.06607281
0.02443691
0.06459286
0.02405743
0.06465856
0.02467405
0.06622509
0.02511444
0.06553558
0.02400165
0.06482896
0.02422236
0.06467738
0.02424632
0.06514446
0.02439927
0.06725917
0.02425282
0.06521050
0.02441638
0.06475403
0.02445197
0.06742034
0.02437806
0.06525328
0.02410944
0.06582644
0.02406633
0.06588461
0.02421278
0.06506884
0.02444958
0.06497405
0.02406290
0.06468148
0.02430107
0.06613372
0.02465489
0.06607658
0.02474078
0.06463666
0.02481092
0.06436599
0.02451254
0.06567177
0.02531462
0.06674692
0.02389181
0.06536004
0.02430962
0.06551744
0.02438319
0.06509861
0.02434247
0.06534053
0.02415427
0.06686532
0.02459706
0.06540213
0.02429457
0.06521427
0.02477568
0.06535046
0.02465283
0.06606426
0.02500666
0.06449123
0.02485028
0.06491930
0.02518562
0.06543771
0.04589565
0.04860369
0.02499408
0.05584976
0.02463513
0.06641842
0.02402878
0.07238678
0.02476379
0.06777484
0.02441476
0.06759417
0.02414855
0.06370012
0.02418995
0.06304621
0.02354665
0.06256305
0.02351996
0.06321422
0.02425223
0.06354443
0.02402194
0.06534260
0.02434222
0.06602320
0.02398293
0.06797194
0.02421390
0.06746345
0.02468817
0.06898343
0.02436994
0.06932869
0.02503035
0.06923356
0.02489895
0.07310708
0.02432032
0.06986831
0.02420911
0.07007499
0.02449894
0.07147350
0.02455437
0.06974513
0.02468030
0.07282101
0.02488321
0.07301229
0.02430629
0.06956343
0.02525277
0.06929755
0.02445104
0.06696900
0.02409653
0.07173663
0.02429740
0.06868368
0.02377386
0.06790247
0.02373827
0.06681125
0.02378070
0.07687588
0.02399388
0.06673084
0.02384058
0.06650397
0.02350353
0.06681570
0.02383374
0.06783506
0.02389533
0.06712674
0.02359934
0.06703812
0.02354870
0.06512908
0.02391210
0.06704154
0.02382039
0.06562832
0.02426455
0.06454155
0.02373827
0.06471641
0.02402160
0.06708465
0.02411843
0.06596366
0.02401407
0.06562148
0.02417421
0.06490632
0.02402981
0.06714933
0.02405273
0.06536450
0.02425976
0.06492411
0.02408285
0.06600438
0.02417113
0.06620114
0.02371432
0.06454668
0.02408319
0.06724617
0.02401407
0.06618848
0.02416668
0.06621996
0.02454411
0.06433590
0.02422417
0.06420450
0.02404418
0.06420313
0.02494617
0.06419321
0.02425531
0.06431400
0.02418379
0.06413914
0.02517338
0.06434274
0.02764224
0.06651766
0.02398704
0.06507433
0.02405958
0.06480606
0.02409482
0.06667917
0.02676898
0.07602350
0.02596280
0.06661005
0.02413657
0.06679619
0.02433161
0.06541754
0.02429295
0.06558966
0.02401133
0.06512497
0.02434359
0.06447311
0.02407840
0.06469040
0.02299162
0.04904681
0.02465429
0.05599005
0.02416292
0.06641740
0.02338650
0.06880036
0.02318325
0.06694573
0.02334442
0.06553970
0.02487774
0.06376171
0.02392099
0.06231633
0.02359489
0.06271737
0.02353878
0.06249461
0.02330746
0.06374324
0.02863012
0.06723077
0.02752042
0.06865904
0.02401304
0.06648275
0.02417626
0.06725540
0.02435830
0.07197787
0.02423614
0.06893792
0.02466866
0.06891397
0.02407806
0.07049280
0.02412186
0.07038364
0.02430424
0.06969756
0.02434838
0.07020057
0.02465977
0.06784533
0.02402023
0.06904194
0.02421322
0.06767355
0.02391826
0.07044455
0.02385050
0.06688790
0.02379404
0.06685608
0.02377488
0.06941458
0.02381629
0.06727628
0.02366059
0.06775260
0.02402468
0.06687558
0.02382929
0.06737346
0.02344707
0.06747269
0.02361577
0.06491111
0.02582045
0.06581516
0.02348847
0.06731255
0.02378925
0.06659910
0.02367907
0.06607282
0.02385085
0.06494122
0.02478672
0.06582234
0.02362740
0.06595271
0.02350969
0.06488442
0.02356136
0.06462881
0.02369994
0.06698576
0.02627350
0.06562730
0.02390012
0.06580215
0.02435317
0.06788673
0.02809665
0.06633083
0.02453966
0.06483001
0.02372869
0.06407242
0.02378173
0.06448133
0.02369858
0.06517048
0.02390115
0.06437901
0.02401852
0.06408576
0.02420158
0.06636744
0.02411980
0.06645949
0.02388917
0.06486526
0.02413246
0.06422948
0.02450407
0.06578094
0.02391620
0.06447243
0.02422930
0.06424248
0.02379781
0.06444779
0.02380191
0.06431674
0.02391073
0.06413435
0.02377043
0.06472633
0.02368728
0.06420963
0.02371705
0.06513353
0.02405273
0.06429860
0.02393331
0.06455832
0.02395624
0.06546921
0.02396035
0.06555989
0.02371466
0.06468835
0.02383271
0.06478347
0.02428029
0.06485738
0.02379815
0.06518828
0.02389567
0.06404949
0.02378207
0.06522455
0.02379541
0.06418328
0.02435454
0.06524268
0.02392818
0.06421682
0.02389841
0.06447311
0.02369413
0.06427944
0.02389088
0.06535800
0.02376256
0.06471641
0.02387035
0.06541891
0.02390012
0.06462504
0.02366196
0.06524166
0.02382210
0.06555065
0.02407635
0.06423324
0.02389191
0.06501547
0.02381834
0.06469416
0.02402810
0.06449228
0.02400414
0.06500384
0.02369173
0.06457269
0.02436960
0.06782411
0.02401920
0.06478895
0.02380978
0.06474446
0.02423512
0.06515337
0.02362535
0.06468732
0.02398396
0.06525124
0.02391312
0.06427499
0.02376188
0.06451623
0.02404350
0.06498570
0.02381560
0.06435130
0.02379918
0.06549077
0.02379370
0.06424590
0.02411570
0.06532173
0.02402194
0.06532070
0.02381834
0.06465002
0.02368489
0.06541172
0.02396240
0.06500144
0.02405034
0.06512908
0.02393502
0.06412990
0.02403836
0.06440673
0.02402160
0.06646017
0.02391586
0.06472975
0.02374101
0.06455900
0.02405205
0.06464284
0.02446404
0.06454942
0.02419611
0.06597872
0.02402262
0.06452376
0.02391141
0.06482454
0.02390149
0.06530393
0.02387959
0.06460964
0.02396719
0.06555647
0.02388541
0.06472530
0.02435180
0.06514242
0.02411946
0.06480674
0.02418448
0.06469382
0.02434975
0.06525158
0.02436207
0.06442829
0.02421664
0.06468321
0.02427207
0.06444608
0.02425120
0.06460964
0.02478398
0.06760135
0.02381834
0.06519238
0.02422177
0.06512121
0.02412425
0.06477184
0.02424949
0.06472051
0.02387548
0.06516843
0.02423683
0.06524268
0.02392442
0.06461820
0.02427994
0.06450459
0.02442298
0.06506406
0.02414341
0.06557152
0.02390217
0.06510752
0.02422177
0.06462196
0.02414136
0.06483720
0.02377386
0.06458672
0.02417695
0.06474994
0.02393194
0.06448612
0.02444282
0.06454737
0.02382484
0.06462881
0.02372390
0.06506646
0.02391483
0.06480982
0.02389088
0.06578847
0.02430013
0.06446216
0.02423649
0.06547366
0.02419406
0.06472667
0.02399080
0.06435095
0.02418003
0.06459185
0.02417455
0.06475473
0.02391381
0.06510718
0.02417660
0.06453231
0.02405273
0.06528135
0.02416394
0.06828401
0.02408661
0.06447140
0.02414957
0.06555612
0.02442743
0.06434924
0.02429671
0.06467261
0.02402604
0.06475884
0.02392407
0.06480606
0.02410851
0.06473351
0.02449757
0.06473009
0.02428576
0.06517117
0.02397985
0.06497133
0.02390731
0.06422571
0.02391176
0.06709150
0.02397780
0.06515269
0.02401578
0.06473351
0.02430698
0.06492890
0.02412562
0.06519615
0.02403836
0.06612723
0.02472478
0.06508288
0.02418927
0.06665453
0.02444864
0.06688208
0.02419474
0.06540727
0.02444317
0.06650397
0.02409140
0.06451999
0.02422930
0.06461375
0.02404521
0.06551403
0.02402878
0.06483685
0.02480348
0.06474789
0.02388472
0.06530941
0.02407669
0.06556878
0.02422109
0.06473796
0.02383237
0.06609951
0.02503856
0.06817040
0.02471075
0.06490974
0.02442024
0.06887975
0.02436138
0.06426712
0.02432409
0.06436327
0.02450099
0.06647044
0.02524285
0.06528819
0.02463684
0.06512018
0.02516722
0.07330246
0.02442777
0.06534979
0.02391586
0.06485123
0.02372390
0.06519307
0.02405855
0.06735327
0.02427242
0.06420587
0.02377591
0.06482111
0.02408593
0.06690296
0.02403015
0.06446866
0.02419166
0.07060538
0.02409003
0.06717807
0.02388027
0.06644717
0.02373656
0.06685231
0.02508579
0.06856802
0.02379576
0.06468150
0.02387754
0.06769716
0.02544850
0.06608685
0.02427892
0.06458022
0.02370405
0.06860224
0.02422759
0.07300168
0.02431998
0.06416720
0.02374888
0.06449672
0.02400449
0.06662887
0.02409037
0.06605537
0.02381560
0.06433864
0.02417113
0.06705796
0.02399148
0.06636573
0.02379165
0.06555167
0.02365614
0.06692417
0.02447465
0.06633151
0.02387993
0.06514721
0.02423341
0.06589215
0.02698353
0.06605708
0.02436138
0.06569916
0.02420569
0.06651424
0.02409140
0.06614023
0.02423786
0.06412169
0.02402023
0.06448954
0.02404418
0.07004967
0.02415744
0.06486491
0.02387514
0.06462710
0.02361269
0.06423461
0.02383511
0.06477150
0.02438260
0.06475952
0.02369344
0.06457851
0.02377522
0.06448885
0.02356752
0.06448851
0.02407053
0.06463531
0.02362911
0.06524063
0.02425462
0.06581892
0.02380191
0.06517904
0.02397095
0.06445806
0.02431861
0.06484917
0.02423341
0.06410184
0.02375811
0.06475576
0.02382347
0.06397729
0.02373587
0.06417610
0.02385153
0.06355504
0.02374614
0.06555818
0.02418276
0.06471641
0.02368934
0.06455626
0.02376393
0.06430305
0.02403665
0.06482796
0.02519186
0.06497510
0.02426489
0.06490461
0.02389499
0.06443753
0.02400620
0.06551472
0.02389807
0.06449878
0.02390081
0.06484028
0.02434496
0.06467911
0.02400551
0.06471264
0.02394050
0.06470032
0.02379541
0.06424419
0.02435249
0.06554962
0.02374135
0.06514277
0.02415744
0.06477560
0.02390457
0.06479374
0.02427378
0.06470580
0.02444488
0.06522386
0.02593782
0.06502266
0.02371226
0.06511881
0.02376633
0.06480503
0.02382929
0.06507707
0.02432956
0.06663503
0.02384948
0.06468048
0.02434496
0.06453471
0.02401475
0.06509965
0.02410783
0.06469211
0.02393365
0.06604031
0.02443393
0.06496380
0.02388404
0.06517801
0.02447294
0.06494019
0.02400791
0.06531352
0.02386556
0.06712161
0.02367565
0.06449638
0.02373724
0.06500589
0.02402023
0.06462162
0.02402160
0.06428799
0.02429089
0.06704530
0.02473607
0.06468732
0.02392168
0.06841233
0.02547177
0.06775328
0.02427584
0.06498365
0.02433332
0.06473420
0.02375332
0.06566665
0.02396548
0.07298800
0.02927787
0.07129077
0.02563430
0.06450904
0.02402365
0.06581413
0.02407908
0.06526390
0.02398498
0.06538948
0.02428645
0.06469074
0.02461905
0.06743197
0.02378788
0.06545586
0.02407532
0.06483754
0.02385187
0.06547058
0.02373861
0.06459459
0.02492188
0.06536313
0.02421835
0.06518930
0.02412322
0.06499289
0.02396753
0.06462710
0.02418824
0.06475233
0.02393947
0.06497407
0.02369789
0.06452649
0.02387035
0.06503395
0.02417729
0.06590070
0.02372047
0.06460828
0.02388335
0.06484644
0.02376256
0.06544320
0.02424230
0.06523995
0.02421596
0.06448509
0.02389088
0.06473146
0.02445206
0.06458911
0.02420295
0.06494875
0.02386009
0.06512771
0.02398875
0.06493164
0.02417763
0.06455147
0.02404486
0.06564920
0.02454514
0.06508836
0.02397164
0.06504045
0.02375093
0.06499392
0.02407532
0.06552841
0.02434291
0.06460109
0.02390081
0.06445121
0.02386248
0.06474754
0.02430903
0.06625452
0.02401852
0.06476328
0.02375914
0.06457269
0.02417489
0.06505517
0.02398053
0.06600609
0.02381184
0.06508220
0.02399901
0.06473146
0.02553336
0.06470511
0.02389670
0.06463497
0.02379747
0.06414154
0.02434975
0.06580113
0.02408627
0.06538229
0.02409140
0.06524610
0.02422793
0.06504524
0.02408490
0.06446079
0.02422143
0.06489468
0.02408558
0.06501205
0.02364280
0.06452478
0.02382005
0.06505585
0.02379747
0.06471983
0.02408216
0.06508357
0.02427823
0.06449912
0.02431930
0.06501753
0.02401338
0.06485465
0.02472068
0.06455045
0.02378173
0.06568513
0.02422314
0.06497715
0.02434804
0.06422537
0.02476208
0.06488852
0.02412836
0.06438072
0.02382655
0.06497818
0.02390183
0.06464660
0.02421801
0.06458877
0.02404965
0.06466987
0.02435659
0.06472701
0.02383955
0.06543157
0.02450647
0.06487689
0.02390525
0.06470854
0.02405102
0.06435780
0.02379644
0.06414667
0.02419132
0.06634622
0.02406882
0.06435095
0.02439868
0.06464763
0.02407019
0.06456413
0.02531950
0.06460280
0.02388199
0.06476808
0.02380020
0.06561429
0.02375983
0.06445532
0.02455951
0.06445258
0.02374922
0.06466508
0.02376599
0.06487792
0.02383716
0.06522728
0.02399422
0.06585108
0.02413657
0.06466337
0.02452221
0.06481393
0.02411501
0.06546134
0.02422656
0.06500452
0.02386351
0.06457577
0.02408216
0.06473694
0.02405821
0.06475884
0.02400141
0.06489400
0.02391826
0.06489537
0.02378275
0.06578436
0.02375059
0.06552635
0.02394974
0.06529914
0.02396753
0.06464592
0.02370508
0.06494704
0.02421972
0.06517185
0.02387891
0.06468390
0.02417387
0.06580729
0.02374101
0.06506133
0.02503001
0.06660526
0.02427207
0.06471093
0.02418584
0.06495149
0.02423786
0.06506201
0.02369413
0.06500966
0.02388404
0.06534192
0.02374374
0.06489742
0.02373861
0.06468287
0.02423238
0.06515645
0.02414718
0.06507228
0.02396274
0.06530770
0.02324826
0.04851267
0.02472512
0.05595378
0.02361645
0.06731665
0.02369105
0.06846673
0.02354014
0.06614707
0.02332799
0.06635375
0.02375367
0.06284501
0.02398875
0.06250693
0.02404486
0.06300994
0.02331293
0.06177397
0.02350422
0.06344280
0.02422725
0.06445669
0.02401065
0.06589146
0.02537972
0.06728278
0.02429705
0.06805543
0.02432717
0.06795893
0.02438636
0.07107075
0.02428645
0.06982588
0.02405068
0.06980364
0.02420158
0.06915897
0.02451673
0.06888112
0.02420672
0.06940500
0.02456943
0.06995352
0.02446370
0.07016396
0.02441887
0.06764686
0.02419440
0.06842943
0.02422280
0.06715206
0.02380328
0.06537032
0.02394118
0.06791137
0.02393810
0.06700014
0.02350319
0.06727833
0.02379473
0.06691048
0.02344707
0.06720750
0.02364006
0.06733034
0.02342859
0.06476876
0.02338890
0.06651355
0.02389978
0.06713564
0.02379096
0.06780358
0.02377591
0.06671920
0.02371603
0.06856870
0.02367325
0.06674829
0.02393126
0.06549966
0.02331088
0.06486731
0.02394084
0.06436943
0.02400894
0.06642048
0.02380465
0.06555339
0.02393297
0.06844038
0.02439389
0.06972836
0.02381663
0.06718355
0.02413862
0.06702580
0.02409893
0.06697481
0.02361029
0.06431058
0.02437815
0.06753702
0.02525585
0.06677977
0.02400825
0.06449330
0.02470802
0.06589728
0.02447088
0.06819983
0.02454685
0.06357694
0.02403699
0.06456242
0.02429432
0.06830009
0.02536090
0.06444677
0.02381355
0.06432734
0.02616845
0.06907274
0.02399012
0.06587675
0.02386009
0.06447243
0.02378104
0.06613989
0.02415847
0.06625212
0.02380397
0.06448030
0.02356410
0.06605571
0.02477953
0.06609301
0.02475558
0.06560882
0.02377830
0.06571763
0.02480348
0.07004077
0.02392031
0.06386608
0.02390423
0.06472736
0.02415950
0.06658575
0.02416702
0.06488442
0.02371500
0.06453744
0.02404658
0.06638455
0.02437712
0.06820291
0.02466079
0.06427294
0.02441340
0.06938378
0.02611849
0.06527211
0.02445104
0.06492274
0.02415505
0.06565365
0.02452529
0.06623604
0.02382826
0.06515337
0.02374614
0.06567862
0.02497115
0.06643040
0.02460262
0.06408713
0.02429774
0.06460349
0.02585570
0.07010134
0.02409482
0.06433179
0.02367291
0.06492924
0.02479390
0.06572927
0.02445412
0.06436567
0.02440484
0.06447927
0.02379370
0.06440502
0.02443393
0.06440878
0.02427413
0.06500829
0.02450305
0.06480298
0.02410714
0.06482864
0.02372458
0.06520846
0.02409585
0.06479477
0.02407087
0.06694436
0.02382450
0.06545621
0.02409893
0.06455079
0.02431040
0.06473146
0.02448594
0.06410698
0.02380773
0.06777313
0.03696741
0.07462979
0.02461836
0.06401561
0.02412459
0.06494088
0.02388027
0.06441871
0.02398601
0.06511676
0.02419406
0.06510170
0.02430698
0.06443889
0.02390868
0.06499084
0.02394221
0.06487415
0.02418584
0.06577786
0.02451673
0.06411451
0.02433538
0.06441015
0.02423341
0.06496415
0.02392373
0.06426986
0.02425017
0.06475405
0.02417045
0.06485567
0.02389704
0.06483412
0.02419611
0.06457029
0.02412494
0.06445806
0.02415505
0.06569916
0.02407361
0.06466850
0.02435420
0.06454018
0.02440724
0.06437696
0.02424470
0.06407515
0.02425189
0.06632364
0.02431622
0.06412888
0.02445548
0.06411519
0.02407669
0.06440433
0.02396753
0.06487176
0.02424265
0.06625041
0.02392989
0.06470238
0.02391826
0.06430715
0.02456259
0.06480743
0.02380944
0.06453676
0.02391449
0.06485294
0.02426591
0.06427499
0.02416634
0.06560813
0.02388541
0.06430202
0.02409619
0.06434343
0.02407566
0.06529949
0.02417695
0.06424830
0.02404589
0.06441392
0.02407703
0.06452068
0.02402741
0.06408953
0.02386351
0.06546852
0.02390354
0.06444026
0.02383476
0.06474926
0.02399593
0.06442487
0.02395487
0.06479956
0.02431177
0.06749733
0.02431519
0.06489331
0.02388780
0.06517425
0.02415265
0.06421442
0.02424915
0.06476602
0.02413109
0.06475131
0.02407121
0.06438209
0.02432443
0.06448920
0.02410064
0.06456379
0.02414204
0.06490016
0.02438602
0.06557734
0.02402878
0.06462538
0.02380670
0.06493301
0.02392339
0.06436567
0.02401852
0.06460828
0.02464266
0.06526493
0.02457148
0.06409842
0.02438671
0.06442042
0.02372492
0.06426746
0.02410885
0.06428218
0.02403426
0.06573680
0.02412494
0.06441939
0.02465361
0.06484746
0.02415094
0.06471880
0.02416052
0.06475405
0.02390012
0.06484746
0.02397848
0.06486491
0.02436001
0.06469006
0.02397266
0.06421442
0.02417181
0.06441597
0.02401030
0.06670380
0.02481786
0.06460041
0.02429055
0.06477287
0.02388096
0.06460656
0.02407292
0.06459698
0.02398875
0.06472393
0.02390696
0.06480640
0.02423204
0.06430887
0.02389636
0.06602115
0.02404110
0.06410492
0.02425633
0.06552909
0.02436891
0.06503669
0.02386385
0.06509589
0.02401920
0.06434479
0.02387514
0.06472154
0.02374032
0.06514927
0.02396582
0.06521531
0.02406779
0.06468492
0.02387104
0.06440091
0.02391997
0.06424385
0.02408935
0.06666582
0.02437473
0.06465858
0.02386864
0.06516124
0.02385735
0.06467808
0.02427344
0.06478690
0.02378617
0.06439510
0.02452187
0.06435780
0.02398601
0.06446524
0.02371911
0.06515919
0.02416497
0.06433966
0.02403323
0.06498810
0.02699003
0.06444026
0.02376359
0.06501547
0.02387035
0.06472462
0.02387206
0.06455182
0.02430390
0.06492582
0.02600694
0.06547776
0.02416668
0.06449262
0.02402878
0.06450528
0.02412049
0.06431571
0.02463102
0.06558247
0.02487466
0.06518999
0.02407498
0.06453265
0.02386624
0.06443753
0.02440826
0.06446627
0.02468817
0.06454771
0.02443016
0.06480127
0.02411091
0.06443513
0.02401817
0.06554586
0.02371774
0.06431058
0.02433675
0.06462025
0.02492530
0.06450870
0.02409277
0.06465447
0.02433435
0.06415694
0.02433572
0.06460485
0.02414820
0.06448714
0.02440929
0.06451212
0.02387959
0.06493403
0.02380363
0.06472975
0.02417181
0.06466097
0.02447328
0.06451862
0.02491196
0.06522249
0.02385050
0.06469485
0.02383716
0.06485396
0.02385324
0.06461443
0.02453145
0.06421648
0.02442161
0.06466131
0.02424709
0.06464078
0.02467790
0.06487244
0.02397985
0.06532481
0.02426010
0.06427978
0.02480280
0.06493917
0.02400038
0.06465721
0.02469193
0.06453265
0.02410543
0.06514619
0.02419953
0.06441289
0.02405171
0.06451760
0.02406882
0.06434479
0.02392202
0.06488579
0.02379610
0.06500692
0.02620849
0.06447346
0.02476619
0.06530975
0.02421288
0.06477902
0.02387822
0.06439544
0.02392339
0.06481530
0.02354733
0.06430852
0.02417832
0.06437525
0.02407532
0.06488476
0.02409585
0.06446935
0.02431450
0.06493882
0.02399593
0.06456071
0.02393776
0.06592739
0.02403426
0.06434856
0.02401749
0.06737483
0.02452461
0.06549864
0.02451742
0.06489160
0.02408045
0.06501376
0.02375640
0.06435232
0.02374443
0.06451144
0.02392818
0.06563038
0.02380431
0.06429997
0.02486166
0.06472154
0.02403871
0.06461649
0.02377522
0.06511163
0.02463787
0.06448269
0.02377933
0.06456550
0.02388233
0.06454839
0.02426386
0.06469827
0.02420774
0.06484301
0.02417660
0.06477971
0.02428166
0.06465208
0.02430800
0.06549864
0.02381115
0.06440878
0.02394187
0.06460725
0.02380020
0.06582474
0.02398635
0.06474241
0.02460878
0.06443616
0.02405650
0.06494669
0.02408216
0.06461888
0.02436309
0.06526150
0.02398635
0.06477389
0.02432477
0.06427567
0.02409037
0.06464900
0.02421424
0.06516877
0.02441374
0.06433521
0.02407532
0.06554928
0.02370884
0.06435609
0.02395008
0.06465036
0.02401099
0.06479100
0.02416394
0.06493095
0.02459920
0.06490290
0.02499442
0.06549556
0.02383819
0.06506817
0.02408969
0.06556297
0.02471144
0.06534773
0.02524832
0.06565741
0.02553302
0.06459048
0.02391210
0.06521018
0.02416155
0.09244863
0.02445104
0.06544286
0.02437678
0.06578915
0.02432477
0.06511608
0.02419919
0.06648857
0.02392784
0.06434035
0.02324518
0.04792206
0.02661124
0.05487009
0.02412083
0.06575048
0.02366162
0.06801505
0.02349498
0.06495012
0.02346521
0.06417028
0.02388712
0.06201350
0.02379062
0.06099859
0.02336597
0.06237964
0.02355281
0.06028856
0.02328659
0.06289052
0.02361577
0.06333570
0.02404144
0.06455661
0.02389328
0.06594450
0.02386385
0.06648755
0.02420330
0.06765165
0.02428850
0.06835176
0.02410577
0.06938002
0.02409927
0.06981904
0.02411227
0.07608783
0.02436857
0.06949636
0.02452632
0.06902312
0.02431314
0.06925067
0.02418516
0.06825561
0.02419714
0.06705283
0.02378104
0.06839316
0.02393023
0.06624357
0.02399183
0.07122781
0.02653117
0.07274950
0.02396308
0.06785354
0.02423991
0.06568102
0.02398669
0.07472150
0.02495062
0.06578402
0.02375196
0.06609643
0.02406916
0.06694504
0.02370987
0.06617068
0.02329343
0.06654880
0.02374203
0.06576691
0.02353159
0.06620764
0.02409448
0.06573064
0.02358634
0.06577136
0.02378754
0.06554038
0.02367017
0.06394102
0.02348026
0.06461854
0.02364999
0.06706926
0.02369447
0.06490597
0.02390594
0.06473317
0.02406026
0.06466474
0.02398190
0.06647591
0.02414718
0.06462710
0.02393742
0.06392049
0.02409790
0.06425138
0.02401715
0.06430442
0.02386043
0.06402759
0.02384332
0.06331174
0.02391552
0.06518657
0.02387377
0.06484917
0.02401988
0.06300925
0.02385153
0.06517630
0.02412117
0.06418876
0.02388712
0.06386540
0.02384640
0.06334357
0.02375298
0.06330045
0.02376119
0.06415112
0.02366983
0.06394752
0.02364964
0.06387292
0.02386077
0.06403957
0.02364656
0.06396805
0.02378275
0.06426643
0.02407224
0.06325015
0.02422691
0.06466542
0.02385016
0.06426712
0.02410783
0.06366727
0.02406847
0.06440228
0.02367017
0.06310404
0.02376119
0.06375692
0.02376735
0.06301541
0.02397574
0.06376993
0.02395898
0.06527451
0.02402604
0.06477492
0.02415231
0.06376343
0.02374580
0.06434787
0.02387719
0.06377643
0.02400962
0.06435198
0.02392852
0.06404436
0.02386488
0.06458843
0.02382279
0.06334391
0.02396822
0.06396189
0.02400380
0.06380072
0.02396137
0.06403307
0.02383511
0.06442247
0.02387172
0.06397969
0.02379541
0.06427841
0.02418448
0.06369259
0.02387514
0.06388353
0.02411227
0.06460759
0.02399422
0.06378738
0.02369276
0.06375487
0.02401475
0.06416652
0.02394324
0.06395436
0.02486645
0.06506372
0.02375538
0.06391843
0.02395350
0.06391091
0.02384537
0.06459425
0.02416908
0.06383836
0.02387993
0.06506543
0.02424675
0.06390372
0.02395111
0.06424522
0.02369858
0.06368986
0.02447704
0.06365358
0.02439560
0.06415454
0.02395898
0.06387908
0.02427071
0.06463941
0.02399114
0.06510718
0.02388199
0.06412546
0.02407258
0.06512771
0.02399422
0.06343356
0.02357128
0.06416583
0.02417045
0.08589754
0.02399114
0.06432803
0.02411399
0.06411279
0.02383579
0.06384487
0.02418071
0.06432118
0.02387719
0.06396497
0.02416086
0.06585143
0.02412630
0.06407071
0.02388712
0.06386916
0.02402604
0.06412717
0.02393092
0.06491453
0.02406403
0.06423427
0.02422896
0.06429963
0.02407155
0.06409876
0.02408250
0.06405976
0.02432511
0.06384897
0.02423375
0.06403957
0.02401852
0.06430031
0.02400586
0.06397250
0.02396822
0.06383049
0.02449791
0.06481598
0.02398464
0.06504251
0.02404555
0.06448680
0.02402673
0.06476876
0.02418482
0.06389517
0.02415881
0.06415454
0.02430971
0.06450151
0.02429945
0.06454600
0.02384674
0.06393349
0.02423820
0.06436054
0.02413896
0.06396497
0.02426899
0.06399679
0.02401681
0.06428697
0.02394324
0.06409055
0.02397540
0.06408918
0.02404452
0.06408850
0.02443906
0.06430681
0.02424128
0.06461717
0.02384777
0.06400672
0.02400209
0.06411074
0.02379815
0.06442589
0.02427652
0.06445840
0.02397609
0.06433658
0.02453316
0.06417678
0.02412014
0.06398140
0.02402091
0.06431947
0.02423478
0.06414975
0.02385632
0.06455626
0.02376017
0.06424796
0.02392647
0.06472872
0.02404863
0.06438141
0.02402912
0.06396326
0.02377899
0.06426472
0.02428508
0.06502232
0.02399354
0.06384179
0.02415231
0.06384521
0.02409448
0.06398721
0.02388438
0.06448235
0.02396582
0.06362313
0.02401065
0.06393383
0.02382655
0.06502745
0.02396582
0.06429518
0.02408524
0.06436156
0.02416292
0.06442007
0.02384195
0.06363784
0.02414683
0.06436669
0.02393194
0.06469245
0.02414273
0.06460656
0.02438568
0.06402691
0.02376291
0.06418910
0.02373348
0.06431331
0.02381389
0.06414770
0.02411433
0.06462949
0.02396206
0.06437730
0.02409859
0.06377951
0.02422451
0.06409124
0.02419816
0.06353245
0.02397677
0.06464900
0.02401988
0.06371004
0.02389157
0.06389209
0.02441716
0.06567418
0.02392031
0.06520915
0.02386693
0.06433864
0.02374956
0.06423290
0.02396206
0.06416173
0.02396342
0.06399782
0.02389499
0.06470443
0.02389670
0.06456824
0.02416771
0.06405086
0.02387548
0.06419423
0.02393468
0.06391741
0.02378617
0.06410527
0.02363698
0.06415659
0.02415060
0.06451965
0.02409345
0.06396394
0.02401304
0.06448441
0.02398396
0.06423016
0.02408730
0.06456721
0.02381321
0.06419150
0.02416155
0.06386916
0.02386488
0.06465789
0.02404521
0.06393315
0.02397574
0.06410321
0.02381731
0.06425788
0.02387138
0.06431434
0.02514533
0.06383220
0.02411706
0.06425104
0.02399867
0.06430784
0.02389944
0.06397318
0.02394460
0.06429484
0.02379199
0.06422708
0.02388541
0.06373674
0.02398088
0.06422092
0.02424846
0.06469314
0.02394632
0.06400056
0.02429568
0.06373810
0.02379131
0.06439338
0.02500811
0.06423359
0.02400688
0.06411348
0.02382689
0.06396531
0.02420124
0.06461580
0.02389636
0.06397661
0.02400175
0.06386197
0.02394187
0.06446764
0.02404794
0.06394170
0.02448320
0.06422024
0.02415984
0.06423495
0.02386077
0.06466474
0.02390936
0.06394718
0.02434735
0.06409055
0.02410919
0.06363716
0.02410919
0.06396634
0.02398190
0.06428662
0.02405855
0.06460554
0.02387651
0.06437525
0.02400962
0.06366933
0.02391141
0.06507228
0.02438191
0.06441494
0.02407463
0.06368849
0.02424709
0.06388695
0.02465498
0.06414530
0.02427960
0.06435814
0.02403323
0.06406318
0.02419235
0.06417028
0.02413041
0.06401801
0.02606066
0.06393691
0.02379096
0.06432769
0.02401133
0.06432632
0.02383374
0.06405702
0.02421630
0.06433966
0.02477850
0.06586306
0.02390491
0.06395607
0.02383511
0.06407960
0.02386488
0.06465173
0.02417934
0.06376822
0.02395658
0.06378943
0.02392099
0.06454189
0.02417216
0.06491487
0.02389499
0.06429620
0.02384092
0.06392083
0.02429705
0.06407892
0.02382210
0.06561019
0.02396856
0.06375145
0.02407429
0.06439612
0.02410919
0.06434890
0.02400654
0.06464113
0.02400551
0.06450151
0.02401988
0.06488510
0.02373142
0.06467090
0.02380397
0.06399919
0.02402536
0.06461546
0.02399935
0.06385992
0.02386932
0.06384452
0.02387891
0.06494772
0.02399251
0.06376445
0.02414752
0.06401972
0.02383134
0.06411827
0.02392784
0.06438825
0.02447054
0.06428081
0.02398259
0.06412203
0.02434393
0.06532378
0.02405513
0.06429312
0.02405753
0.06414735
0.02400654
0.06507946
0.02378857
0.06465515
0.02414307
0.06406112
0.02422143
0.06360568
0.02403528
0.06405702
0.02411638
0.06417439
0.02396787
0.06387703
0.02406574
0.06412374
0.02388233
0.06346367
0.02403905
0.06429620
0.02403597
0.06395265
0.02410475
0.06418465
0.02387172
0.06400364
0.02395350
0.06483891
0.02384503
0.06470546
0.02413828
0.06391022
0.02378720
0.06364263
0.02432922
0.06452752
0.02371466
0.06423974
0.02411501
0.06405120
0.02413486
0.06415146
0.02404281
0.06593355
0.02411296
0.06398619
0.02439560
0.06427294
0.02387719
0.06522010
0.02373793
0.06610156
0.02398635
0.06389174
0.02442092
0.06405223
0.02399251
0.06372818
0.02431793
0.06448783
0.02407874
0.07080145
0.02505499
0.06982212
0.02397848
0.06465344
0.02420706
0.06415830
0.02381937
0.06449467
0.02368865
0.06374700
0.02388233
0.06479477
0.02390354
0.06521976
0.02389465
0.06425788
0.02427584
0.06454429
0.02373279
0.06406318
0.02404213
0.06545997
0.02411741
0.06408302
0.02407087
0.06377746
0.02379370
0.06416036
0.02409961
0.06434787
0.02384435
0.06462128
0.02410714
0.06392391
0.02425017
0.06392494
0.02374101
0.06487552
0.02386385
0.06447243
0.02435249
0.06445292
0.02398704
0.06365427
0.02375777
0.06394239
0.02413554
0.06438415
0.02401099
0.06409500
0.02404178
0.06405223
0.02425189
0.06383802
0.02384332
0.06429757
0.02378857
0.06434035
0.02380431
0.06367788
0.02372903
0.06539290
0.02377728
0.06413572
0.02378344
0.06407002
0.02391586
0.06459048
0.02416052
0.06390167
0.02405821
0.06410390
0.02404931
0.06462470
0.02395692
0.06403820
0.02380123
0.06438894
0.02395658
0.06407926
0.02393331
0.06434822
0.02392955
0.06370423
0.02378309
0.06426164
0.02394187
0.06459561
0.02384263
0.06396018
0.02395042
0.06426609
0.02376804
0.06448098
0.02444590
0.06410800
0.02406197
0.06423187
0.02387035
0.06449330
0.02414581
0.06530120
0.02398122
0.06393828
0.02411638
0.06399748
0.02404794
0.06398003
0.02409517
0.06440262
0.02389601
0.06431502
0.02399627
0.06401459
0.02411672
0.06458740
0.02383579
0.06423632
0.02457388
0.06390612
0.02406950
0.06389893
0.02444214
0.06389038
0.02415573
0.06397900
0.02386488
0.06451315
0.02392852
0.06416857
0.02426968
0.06446251
0.02382108
0.06433042
0.02430732
0.06417165
0.02373450
0.06421305
0.02390765
0.06401561
0.02386693
0.06537545
0.02400141
0.06404504
0.02448217
0.06403683
0.02405342
0.06436738
0.02405239
0.06375898
0.02386830
0.06427807
0.02393126
0.06407721
0.02406847
0.06414804
0.02428781
0.06405017
0.02394187
0.06409705
0.02385837
0.06413059
0.02395316
0.06495525
0.02392442
0.06409432
0.02400688
0.06462983
0.02400722
0.06398003
0.02407224
0.06523721
0.02446609
0.06418807
0.02419953
0.06686258
0.02518297
0.06683041
0.02394666
0.06390064
0.02415299
0.06581926
0.02519665
0.06709766
0.02403528
0.06436635
0.02473847
0.06723966
0.02480246
0.06543978
0.02362364
0.06409671
0.02423751
0.06643930
0.02548443
0.06630311
0.02378925
0.06840343
0.02449073
0.06827443
0.02379576
0.06399406
0.02473847
0.06659260
0.02553473
0.06637565
0.02403597
0.06475268
0.02413041
0.06458946
0.02561583
0.06761983
0.02393263
0.06419868
0.02372390
0.06429381
0.02431827
0.07103311
0.02480725
0.06700937
0.02392784
0.06435027
0.02639943
0.06889891
0.02578281
0.06765165
0.02406266
0.06514824
0.02389807
0.06585245
0.02465190
0.06622167
0.02368934
0.06458364
0.02511213
0.06591884
0.02549025
0.06414633
0.02410201
0.06375487
0.02398190
0.06408953
0.02505704
0.06771256
0.02503138
0.06376514
0.02432580
0.06435814
0.02493522
0.06661347
0.02630156
0.06581310
0.02382587
0.06431126
0.02384914
0.06639926
0.02539101
0.06667027
0.02436481
0.06430715
0.02401065
0.06567315
0.02511213
0.06636025
0.02428371
0.06423085
0.02436925
0.06516501
0.02557237
0.06629045
0.02404418
0.06384315
0.02373964
0.06442350
0.02383168
0.06401767
0.02381868
0.06379422
0.02398704
0.06426986
0.02383921
0.06433213
0.02384298
0.06442042
0.02397780
0.06393760
0.02395316
0.06451349
0.02402912
0.06535834
0.02403734
0.06383357
0.02377043
0.06383734
0.02448354
0.06399440
0.02443256
0.06426370
0.02406574
0.06414017
0.02390765
0.06399269
0.02395555
0.06414838
0.02447396
0.06429176
0.02389841
0.06460109
0.02398190
0.06439612
0.02391141
0.06406660
0.02376667
0.06524166
0.02391312
0.06413435
0.02419816
0.06422366
0.02396753
0.06385889
0.02413041
0.06404265
0.02403665
0.06390475
0.02457833
0.06384247
0.02417934
0.06400535
0.02420501
0.06502300
0.02385701
0.06524850
0.02371534
0.06418260
0.02409961
0.06398242
0.02440895
0.06485773
0.02389875
0.06384007
0.02405308
0.06487347
0.02429021
0.06466850
0.02419200
0.06485567
0.02488184
0.06431195
0.02445548
0.06501787
0.02438568
0.06516467
0.02427071
0.06438415
0.02377009
0.06408474
0.02373348
0.06494841
0.02315758
0.03651675
0.02574551
0.03715424
0.02427447
0.03804802
0.02386419
0.03779104
0.02336050
0.03677031
0.02337145
0.03670769
0.02653117
0.03778831
0.02425189
0.03751524
0.02424812
0.03755528
0.02323218
0.03661804
0.02431587
0.03762474
0.02341764
0.03697631
0.02410098
0.03679974
0.02617564
0.03819550
0.03170634
0.04188458
0.02452666
0.03766067
0.02407977
0.03713782
0.02455301
0.03673404
0.02469022
0.03694619
0.02442229
0.03821672
0.02420261
0.03669640
0.02400278
0.03697802
0.02541599
0.03651231
0.02437439
0.03675765
0.02422793
0.03667553
0.02399012
0.03686954
0.02384914
0.03680248
0.02425873
0.03695577
0.02388335
0.03802270
0.02402604
0.03661428
0.02366641
0.03648630
0.02358429
0.03556685
0.02353433
0.03678023
0.02364622
0.03701566
0.02332765
0.03721344
0.02432340
0.03742080
0.02345734
0.03713850
0.02380670
0.03703721
0.02394734
0.03623000
0.02407258
0.03773390
0.02381492
0.03749266
0.02336358
0.03639049
0.02353570
0.03614172
0.02419919
0.03732841
0.02344091
0.03705843
0.02355109
0.03699684
0.02380636
0.03665397
0.02474531
0.03714226
0.02354630
0.03720831
0.02410098
0.03702079
0.02390662
0.03662215
0.02454479
0.03755015
0.02406368
0.03745810
0.02396582
0.03678776
0.02386727
0.03632410
0.02431998
0.03732328
0.02377933
0.03710736
0.02407258
0.03658074
0.02397403
0.03658964
0.02385564
0.03651094
0.02437952
0.03715766
0.02424607
0.03725826
0.02372663
0.03678639
0.02388575
0.03686715
0.02403905
0.03741943
0.02376496
0.03712858
0.02391244
0.03656534
0.02371774
0.03707006
0.02482709
0.03673199
0.02402673
0.03691985
0.02383682
0.03699205
0.02365786
0.03655029
0.02399217
0.03701874
0.02384469
0.03780610
0.02382108
0.03689316
0.02399456
0.03634292
0.02384366
0.03753851
0.02373416
0.03782834
0.02383340
0.03650649
0.02424744
0.03660777
0.02414581
0.03759155
0.02384503
0.03710805
0.02393229
0.03637201
0.02404829
0.03634840
0.02448491
0.03787762
0.02455403
0.03673883
0.02387788
0.03696399
0.02387822
0.03734415
0.02497218
0.03716177
0.02389944
0.03691608
0.02391039
0.03724047
0.02408387
0.03821330
0.02406984
0.03712721
0.02399422
0.03713200
0.02430116
0.03761858
0.02419474
0.03761516
0.02420158
0.03724766
0.02383374
0.03747418
0.02400072
0.03749026
0.02419542
0.03708170
0.02413383
0.03717375
0.02416737
0.03814965
0.02412562
0.03771953
0.02390868
0.03740438
0.02381731
0.03704235
0.02424949
0.03697528
0.02376393
0.03737426
0.02386077
0.03698110
0.02428302
0.03743791
0.02394563
0.03709299
0.02389020
0.03702592
0.02423888
0.03726853
0.02431622
0.03710086
0.02372047
0.03734449
0.02421630
0.03712584
0.02451708
0.03717956
0.02416292
0.03711626
0.02432374
0.03780131
0.02424162
0.03738179
0.02434530
0.03675526
0.02428029
0.03727845
0.02410988
0.03787488
0.02445856
0.03701052
0.02430766
0.03695749
0.02426626
0.03765622
0.02376633
0.03713097
0.02424812
0.03725279
0.02403426
0.03709675
0.02415060
0.03725963
0.02436617
0.03720078
0.02484318
0.03683498
0.02423854
0.03715013
0.02406745
0.03761858
0.02410817
0.03711455
0.02485926
0.03721549
0.02409824
0.03820577
0.02471691
0.03716588
0.02418755
0.03681514
0.02435420
0.03707588
0.02387754
0.03736913
0.02388130
0.03705467
0.02431998
0.03689144
0.02485036
0.03736160
0.02379781
0.03797582
0.02426797
0.03687947
0.02416531
0.03746802
0.02418550
0.03803673
0.02413349
0.03703585
0.02401852
0.03790054
0.02443701
0.03714637
0.02514361
0.03771234
0.02383750
0.03746631
0.02452187
0.03849286
0.02402296
0.03735955
0.02435796
0.03701018
0.02394255
0.03757786
0.02397335
0.03736811
0.02419508
0.03723500
0.02403836
0.03739137
0.02393537
0.03705056
0.02545397
0.03694414
0.02395829
0.03761277
0.02420022
0.03714466
0.02467825
0.03701292
0.02410304
0.03737392
0.02397814
0.03721686
0.02423375
0.03690513
0.02449586
0.03733423
0.02401852
0.03714055
0.02478980
0.03678434
0.02446746
0.03718230
0.02427618
0.03703653
0.02384571
0.03729248
0.02409859
0.03739343
0.02499956
0.03743552
0.02478090
0.03740130
0.02382176
0.03732396
0.02384914
0.03723329
0.02433230
0.03689179
0.02414410
0.03765451
0.02403494
0.03688015
0.02412117
0.03733799
0.02418824
0.03749950
0.02427515
0.03891477
0.02439629
0.03697425
0.02414718
0.03761790
0.02405616
0.03704201
0.02437918
0.03717956
0.02402947
0.03799430
0.02398601
0.03735544
0.02439902
0.03733389
0.02397677
0.03734484
0.02422862
0.03730959
0.02404726
0.03704166
0.02408558
0.03689452
0.02381047
0.03731130
0.02389567
0.03706596
0.02409311
0.03714158
0.02416737
0.03725416
0.02390388
0.03765622
0.02394495
0.03685380
0.02418242
0.03718025
0.02401475
0.03708957
0.02368147
0.03785058
0.02471725
0.03955842
0.02720972
0.04106574
0.02456669
0.03718298
0.02814353
0.03844119
0.02517202
0.03939417
0.02401133
0.03708615
0.02423170
0.03732499
0.02428918
0.04149757
0.02534550
0.04029925
0.02518057
0.03725895
0.02394495
0.03746494
0.02418379
0.03798267
0.02555663
0.03867969
0.02489930
0.03840424
0.02401270
0.03704919
0.02456840
0.03691574
0.02510324
0.03861878
0.02775995
0.03826942
0.02454240
0.03702729
0.02429774
0.03868312
0.02504678
0.03842477
0.02452940
0.03857567
0.02385085
0.03769557
0.02378104
0.03716314
0.02489930
0.03765314
0.02533250
0.03844461
0.02453932
0.03822459
0.02359421
0.03712789
0.02543379
0.04349729
0.02572567
0.03867251
0.02445446
0.03694654
0.02367017
0.03995741
0.03188873
0.03826155
0.02657941
0.03884394
0.02358908
0.03757718
0.02751700
0.03861228
0.02536090
0.03955260
0.02452050
0.03757684
0.02390183
0.03762509
0.02504951
0.03892607
0.02525311
0.03883094
0.02479151
0.03797445
0.02412083
0.03684730
0.02441476
0.03828960
0.02562780
0.04197868
0.02525072
0.03808156
0.02394700
0.03732739
0.02440963
0.03758642
0.02529862
0.04100038
0.02687438
0.03962583
0.02393639
0.03702695
0.02452597
0.03696707
0.02465669
0.03924840
0.02511966
0.03802989
0.02624031
0.03761585
0.02398738
0.04108353
0.02584817
0.03868414
0.02454890
0.03767847
0.02383305
0.03674259
0.02402741
0.03706801
0.02462144
0.03685072
0.02623963
0.04054220
0.02451639
0.03805042
0.02453419
0.03715424
0.02422212
0.04060790
0.02610275
0.03985646
0.02540881
0.03712926
0.02398156
0.03729248
0.02423580
0.03692361
0.02426078
0.03721960
0.02383750
0.03760626
0.02448662
0.03627791
0.02425941
0.03702387
0.02401817
0.03681000
0.02394426
0.03696536
0.02403973
0.03708272
0.02420945
0.03702969
0.02413349
0.03744099
0.02376770
0.03680145
0.02399491
0.03688049
0.02455677
0.03706664
0.02410885
0.03836660
0.02384571
0.03703208
0.02443050
0.03737255
0.02397437
0.03714261
0.02408730
0.03705706
0.02403186
0.03683327
0.02394016
0.03747658
0.02420740
0.03684388
0.02421014
0.03686886
0.02382826
0.03725998
0.02372355
0.03758881
0.02412801
0.03749574
0.02413691
0.03723773
0.02392681
0.03738453
0.02404350
0.03735339
0.02390594
0.03694483
0.02417421
0.03704748
0.02452084
0.03699273
0.02391791
0.03671214
0.02383647
0.03708136
0.02432101
0.03672925
0.02410612
0.03748308
0.02410098
0.03746768
0.02422177
0.03725792
0.02411227
0.03722952
0.02404623
0.03727366
0.02423135
0.03724937
0.02401920
0.03720796
0.02456738
0.03764938
0.02405445
0.03702558
0.02413760
0.03732191
0.02402741
0.03708820
0.02396274
0.03704953
0.02386624
0.03830945
0.02386556
0.03637851
0.02399730
0.03732533
0.02377214
0.03702524
0.02390902
0.03742696
0.02411501
0.03709333
0.02396479
0.03696775
0.02401920
0.03793202
0.02403973
0.03690821
0.02419406
0.03665534
0.02396650
0.03696878
0.02414478
0.03794742
0.02399696
0.03665739
0.02420432
0.03732670
0.02377933
0.03704474
0.02400825
0.03682403
0.02399388
0.03703756
0.02413931
0.03735065
0.02390149
0.03728085
0.02379781
0.03709265
0.02403768
0.03680453
0.02394837
0.03754262
0.02363972
0.03698007
0.02390115
0.03672857
0.02392270
0.03760147
0.02428097
0.03683909
0.02390628
0.03718846
0.02391552
0.03728735
0.02392099
0.03766888
0.02425976
0.03689658
0.02436925
0.03749814
0.02397951
0.03733252
0.02388164
0.03681445
0.02409106
0.03734826
0.02397745
0.03710018
0.02467722
0.03717203
0.02366744
0.03744681
0.02405273
0.03665226
0.02452529
0.03686236
0.02670534
0.03770789
0.02383750
0.03690547
0.02397061
0.03727982
0.02383750
0.03711249
0.02431142
0.03703242
0.02405958
0.03707622
0.02408661
0.03741190
0.02387891
0.03850826
0.02409380
0.03700573
0.02415436
0.03735408
0.02496260
0.03644729
0.02371021
0.03747658
0.02399593
0.03738282
0.02397027
0.03691061
0.02450065
0.03690034
0.02408456
0.03702729
0.02377899
0.03710497
0.02432511
0.03695783
0.02411364
0.03724697
0.02408490
0.03730104
0.02391176
0.03678537
0.02415197
0.03706288
0.02390046
0.03727332
0.02440895
0.03716930
0.02398909
0.03732362
0.02487261
0.03726990
0.02436036
0.03691540
0.02392784
0.03726374
0.02390560
0.03698144
0.02419714
0.03697494
0.02468646
0.03742901
0.02374888
0.03695509
0.02502556
0.03658451
0.02422827
0.03760319
0.02450236
0.03681274
0.02437268
0.03675799
0.02375709
0.03765417
0.02380191
0.03725484
0.02410748
0.03726990
0.02397335
0.03776504
0.02377522
0.03712550
0.02399970
0.03708136
0.02403323
0.03760421
0.02399046
0.03700197
0.02425531
0.03789952
0.02379302
0.03713303
0.02375332
0.03804323
0.02416942
0.03669880
0.02408250
0.03727161
0.02381868
0.03746529
0.02430800
0.03688563
0.02417968
0.03768428
0.02387754
0.03698794
0.02414033
0.03678263
0.02408250
0.03734278
0.02414307
0.03744441
0.02432545
0.03698349
0.02402331
0.03688289
0.02372766
0.03701429
0.02418105
0.03727777
0.02409140
0.03732157
0.02368899
0.03693695
0.02418824
0.03695406
0.02415265
0.03754228
0.02385153
0.03688836
0.02467551
0.03672446
0.02370268
0.03759155
0.02392510
0.03942942
0.02408490
0.03688255
0.02413965
0.03797514
0.02387377
0.03708854
0.02442606
0.03693627
0.02411501
0.03712960
0.02391004
0.03799635
0.02410064
0.04236569
0.02649216
0.04137199
0.02703178
0.03929870
0.02440073
0.03679837
0.02410475
0.03730822
0.02439458
0.03756555
0.02401681
0.03692737
0.02403563
0.03736024
0.02384640
0.03746631
0.02405376
0.03732875
0.02431964
0.03696672
0.02403768
0.03726442
0.02441990
0.03747521
0.02483428
0.03952557
0.02468577
0.03792210
0.02390320
0.03794332
0.02453179
0.03730446
0.02438260
0.03778523
0.02411399
0.03693114
0.02401578
0.03807848
0.02404829
0.03699684
0.02408558
0.03721515
0.02379165
0.03729864
0.02434564
0.03733286
0.02415471
0.03704953
0.02445891
0.03702353
0.02402399
0.03749608
0.02398224
0.03709162
0.02422006
0.03696775
0.02415060
0.03743107
0.02415710
0.03800901
0.02432340
0.03734826
0.02499100
0.03733389
0.02453282
0.03770105
0.02396548
0.03690547
0.02377386
0.03757581
0.02403049
0.03701566
0.02467414
0.03731472
0.02393673
0.04628848
0.02383990
0.03744167
0.02413589
0.03707143
0.02415539
0.03712173
0.02388609
0.03679974
0.02423546
0.03689931
0.02382450
0.03706870
0.02392305
0.03746221
0.02415710
0.03926312
0.02450578
0.03728324
0.02393400
0.03715801
0.02417147
0.03686407
0.02441819
0.03747966
0.02403152
0.03754262
0.02440792
0.03732260
0.02389533
0.03767539
0.02401646
0.03718059
0.02412254
0.03686065
0.02405992
0.03762337
0.02380773
0.03745844
0.02378686
0.03704303
0.02377009
0.03869920
0.02411262
0.03711284
0.02392339
0.03734997
0.02390286
0.03697870
0.02482538
0.03752038
0.02424470
0.03682677
0.02395213
0.03688836
0.02385872
0.03688460
0.02408182
0.03737187
0.02423683
0.03743073
0.02455882
0.03698999
0.02424744
0.03850929
0.02404110
0.03727298
0.02398430
0.03700950
0.02387138
0.03742457
0.02479253
0.03696193
0.02389670
0.03696672
0.02420740
0.03693456
0.02404213
0.03733902
0.02387925
0.03685962
0.02423033
0.03710120
0.02425702
0.03803228
0.02431348
0.03730993
0.02439800
0.03682951
0.02376667
0.03802304
0.02402810
0.03685517
0.02430595
0.03690547
0.02385529
0.03720488
0.02376359
0.03709265
0.02519049
0.03738556
0.02401783
0.03712310
0.02387309
0.03762953
0.02435796
0.03657493
0.02389465
0.03768155
0.02401544
0.03739582
0.02363253
0.03695338
0.02419337
0.03722473
0.02412459
0.03689555
0.02442879
0.03692156
0.02393639
0.03725587
0.02382826
0.03691163
0.02424709
0.03715253
0.02452426
0.03760524
0.02390149
0.03668990
0.02405855
0.03679255
0.02403939
0.03707212
0.02411159
0.03683635
0.02400141
0.03760490
0.02435865
0.03738419
0.02388267
0.03681377
0.02428542
0.03707109
0.02394050
0.03755254
0.02404521
0.03739343
0.02440860
0.03707999
0.02384195
0.03717990
0.02376222
0.03700950
0.02462110
0.03698452
0.02453350
0.03718025
0.02377283
0.03731130
0.02461768
0.03663207
0.02403426
0.03718538
0.02405889
0.03745844
0.02432135
0.03677202
0.02411056
0.03761379
0.02440142
0.03716861
0.02460194
0.03683635
0.02464061
0.03721173
0.02377249
0.03697767
0.02412973
0.03700368
0.02386522
0.03732431
0.02472102
0.03694346
0.02385940
0.03688905
0.02396616
0.03697083
0.02391723
0.03703037
0.02438431
0.03704953
0.02386214
0.03795769
0.02406984
0.03705501
0.02424675
0.03680658
0.02410646
0.03740575
0.02419303
0.03839192
0.02390046
0.03704714
0.02450476
0.03711455
0.02383066
0.03712036
0.02424812
0.03748137
0.02378788
0.03776162
0.02390491
0.03744783
0.02411364
0.03708512
0.02419577
0.03710839
0.02405102
0.03726169
0.02396171
0.03711078
0.02374306
0.03715013
0.02438260
0.03710531
0.02455198
0.03701497
0.02384195
0.03741464
0.02404760
0.03850039
0.02431519
0.03700094
0.02414273
0.03718504
0.02389773
0.03863042
0.02592345
0.03772774
0.02419200
0.03744886
0.02435625
0.03692874
0.02386624
0.03692464
0.02386385
0.03710154
0.02470938
0.03714226
0.02379541
0.03738008
0.02403049
0.03799362
0.02398635
0.03703345
0.02444659
0.03717956
0.02375538
0.03734313
0.02387788
0.03730070
0.02395247
0.03694243
0.02449620
0.03743209
0.02394837
0.03744099
0.02435899
0.03700368
0.02414991
0.03709299
0.02408695
0.03685209
0.02317777
0.04543713
0.02461391
0.05467436
0.02369652
0.06449056
0.02338787
0.06810710
0.02323115
0.07082027
0.02329719
0.06895126
0.02381081
0.07081719
0.02489758
0.07195324
0.02419508
0.07153372
0.02347102
0.07170207
0.02348916
0.07022658
0.02363390
0.07109162
0.02386693
0.07018483
0.02383955
0.07177770
0.02384058
0.07027585
0.02458757
0.07049519
0.02498929
0.07102797
0.02422964
0.07289800
0.02411125
0.07312761
0.02441853
0.07463527
0.02399251
0.07597047
0.02407874
0.07707093
0.02489416
0.07757736
0.02393023
0.07531484
0.02417284
0.07686596
0.02404692
0.07604883
0.02377180
0.07991515
0.02442982
0.07584762
0.02523600
0.07620999
0.02384332
0.07591982
0.02409345
0.07505068
0.02345734
0.08547152
0.02495233
0.07769917
0.02343988
0.07703089
0.02380670
0.07351359
0.02338308
0.07399538
0.02335365
0.07264787
0.02377830
0.07321247
0.02333415
0.07304583
0.02358189
0.07199053
0.02394666
0.07456546
0.02346178
0.07237617
0.02353638
0.07598039
0.02366949
0.07347800
0.02336426
0.07717495
0.02376838
0.07466914
0.02406608
0.07407888
0.03681616
0.07415724
0.02347616
0.07435707
0.02462350
0.07479438
0.02375846
0.07449087
0.02394495
0.07553863
0.02413589
0.07557285
0.02392442
0.07540997
0.02370884
0.07317996
0.02429945
0.07396869
0.02405924
0.07379863
0.02393058
0.07470952
0.02400243
0.07410283
0.02400654
0.07367339
0.02400141
0.07401763
0.02385529
0.07393550
0.02386419
0.07449497
0.02388062
0.07326277
0.02370405
0.07472834
0.02480520
0.07407854
0.02422006
0.07393550
0.02358565
0.07356013
0.02368010
0.07349546
0.02366675
0.07561460
0.02374511
0.07434954
0.02375880
0.07425681
0.02385119
0.07317449
0.02367975
0.07413876
0.02388506
0.07390539
0.02369994
0.07372643
0.02370781
0.07380855
0.02397232
0.07412747
0.02399319
0.07478480
0.02472170
0.07479849
0.02399422
0.07473861
0.02393058
0.07372574
0.02409414
0.07532374
0.02410612
0.07444707
0.02378241
0.07379794
0.02415471
0.07381745
0.02405479
0.07425784
0.02380876
0.07429616
0.02415197
0.07396664
0.02413623
0.07437966
0.02389738
0.07368194
0.02463787
0.07491688
0.02404897
0.07456375
0.02403255
0.07401968
0.02478227
0.07353789
0.02448936
0.07360153
0.02437541
0.07383627
0.02407258
0.07373567
0.02448081
0.07484058
0.02373040
0.07335756
0.02396993
0.07457094
0.02409927
0.07424689
0.02413657
0.07371719
0.02434085
0.07427255
0.02394734
0.07373738
0.02385358
0.07432901
0.02399046
0.07428966
0.02439526
0.07422191
0.02426318
0.07424963
0.02405273
0.07517523
0.02473539
0.07365936
0.02378344
0.07453774
0.02394118
0.07373738
0.02411672
0.07392216
0.02396342
0.07401113
0.02378720
0.07377433
0.02426660
0.07501133
0.02411912
0.07432799
0.02386967
0.07489772
0.02437884
0.07436494
0.02383408
0.07478549
0.02400175
0.07403371
0.02406642
0.07424107
0.02370542
0.07467325
0.02519255
0.07394543
0.02424983
0.07367955
0.02415847
0.07481286
0.02390217
0.07482552
0.02473197
0.07433415
0.02386248
0.07483544
0.02384092
0.07470678
0.02396240
0.07454288
0.02430287
0.07530047
0.02389294
0.07407546
0.02438602
0.07407032
0.02413383
0.07471294
0.02386282
0.07391429
0.02482846
0.07390231
0.02399696
0.07525462
0.02410201
0.07396664
0.02375401
0.07460139
0.02399627
0.07468112
0.02398190
0.07421130
0.02441819
0.07414252
0.02425325
0.07454527
0.02387617
0.07396288
0.02487534
0.07430540
0.02382997
0.07452782
0.02415676
0.07406930
0.02415060
0.07458394
0.02416394
0.07456923
0.02370131
0.07431977
0.02428679
0.07434441
0.02379952
0.07492783
0.02414957
0.07388110
0.02417489
0.07430540
0.02377899
0.07456957
0.02432443
0.07468967
0.02420535
0.07522280
0.02422862
0.07410831
0.02394871
0.07472218
0.02426831
0.07443885
0.02440895
0.07466469
0.02412870
0.07410762
0.02431622
0.07586644
0.02451092
0.07409325
0.02397437
0.07400325
0.02397711
0.07458154
0.02423238
0.07409291
0.02398327
0.07448710
0.02405205
0.07399196
0.02458722
0.07462534
0.02408969
0.07405800
0.02411843
0.07487616
0.02454377
0.07426297
0.02402262
0.07399949
0.02470425
0.07408025
0.02385050
0.07365286
0.02413965
0.07572820
0.02421151
0.07431361
0.02411809
0.07411207
0.02415642
0.07394816
0.02426591
0.07475298
0.02445719
0.07381471
0.02453624
0.07383730
0.02439766
0.07428179
0.02448970
0.07400668
0.02363356
0.07393071
0.02461528
0.07380308
0.02434599
0.07472595
0.02396377
0.07379555
0.02434667
0.07483784
0.02412665
0.07403918
0.02447704
0.07419830
0.02418105
0.07373293
0.02411056
0.07399881
0.02395487
0.07457265
0.02405034
0.07418632
0.02413144
0.07479438
0.02432306
0.07581717
0.02419029
0.07627261
0.02412425
0.07391326
0.02390970
0.07458736
0.02422246
0.07416819
0.02390765
0.07454869
0.02400620
0.07467838
0.02398601
0.07398375
0.02372834
0.07478617
0.02371808
0.07454356
0.02402536
0.07480259
0.02418516
0.07391531
0.02408490
0.07450695
0.02422725
0.07400360
0.02395042
0.07395193
0.02395898
0.07511227
0.02415778
0.07454733
0.02387069
0.07432730
0.02375640
0.07439882
0.02449415
0.07575318
0.02414033
0.07413876
0.02374785
0.07432867
0.02425052
0.07465374
0.02397232
0.07406040
0.02382792
0.07431738
0.02390081
0.07398649
0.02398977
0.07496000
0.02375264
0.07394440
0.02446575
0.07487924
0.02456122
0.07428145
0.02364862
0.07413944
0.02404726
0.07397588
0.02379576
0.07408435
0.02419816
0.07425955
0.02410817
0.07409633
0.02406197
0.07417674
0.02374511
0.07401557
0.02397848
0.07512117
0.02406779
0.07470233
0.02391449
0.07409291
0.02413417
0.07389033
0.02411535
0.07433483
0.02379576
0.07418735
0.02417147
0.07426195
0.02421527
0.07546848
0.02388506
0.07408641
0.02411501
0.07478241
0.02408661
0.07565087
0.02381321
0.07509003
0.02372800
0.07405527
0.02496602
0.07422431
0.02466798
0.07405492
0.02385940
0.07462877
0.02445446
0.07489772
0.02407224
0.07457881
0.02377762
0.07511569
0.02426523
0.07501646
0.02402262
0.07460447
0.02387925
0.07430095
0.02404315
0.07947100
0.02595596
0.07399607
0.02558640
0.07427597
0.02438499
0.07457094
0.02391004
0.07384209
0.02412391
0.07411036
0.02389122
0.07464519
0.02357847
0.07595404
0.02383750
0.07396869
0.02399217
0.07434407
0.02400141
0.07453467
0.02400449
0.07442414
0.02405958
0.07386022
0.02403768
0.07432114
0.02367086
0.07525941
0.02450168
0.07510645
0.02401030
0.07432525
0.02409585
0.07415929
0.02389533
0.07454493
0.02433777
0.07379076
0.02381629
0.07415963
0.02432306
0.07401694
0.02418071
0.07383182
0.02385256
0.07408367
0.02419611
0.07482826
0.02427926
0.07433346
0.02374922
0.07395398
0.02391004
0.07418495
0.02427344
0.07363062
0.02377420
0.07451448
0.02396753
0.07377776
0.02480040
0.07461029
0.02406574
0.07376681
0.02429158
0.07463048
0.02446267
0.07404671
0.02413862
0.07414526
0.02445959
0.07496000
0.02402912
0.07390163
0.02407532
0.07398786
0.02400688
0.07378665
0.02438020
0.07431293
0.02381150
0.07401078
0.02447944
0.09460918
0.02366744
0.07506608
0.02380842
0.07374046
0.02422040
0.07609844
0.02381594
0.07386536
0.02387446
0.07496821
0.02412973
0.07395090
0.02404281
0.07456101
0.02802514
0.08827400
0.02906880
0.07459797
0.02398943
0.07425818
0.02470322
0.07517113
0.02391176
0.07470473
0.02458483
0.07433072
0.02418619
0.07454048
0.02427310
0.07439848
0.02463239
0.07500962
0.02398669
0.07460687
0.02458894
0.07576755
0.02388883
0.07441353
0.02400038
0.07482278
0.02415539
0.07385954
0.02386043
0.07424997
0.02388164
0.07456854
0.02434256
0.07410796
0.02398532
0.07447102
0.02412117
0.07404500
0.02406984
0.07453124
0.02448149
0.07427734
0.02375401
0.07441216
0.02390217
0.07405869
0.02419303
0.07419419
0.02369070
0.07375483
0.02410064
0.07469618
0.02368899
0.07500448
0.02390457
0.07419727
0.02406916
0.07461542
0.02424538
0.07410762
0.02402057
0.07420993
0.02374306
0.07505923
0.02390388
0.07430574
0.02398224
0.07522006
0.02405855
0.07438684
0.02417866
0.07435297
0.02414923
0.07413157
0.02402878
0.07493844
0.02426112
0.07449155
0.02426626
0.07490183
0.02423135
0.07419556
0.02408387
0.07401249
0.02409243
0.07413807
0.02377317
0.07405937
0.02389499
0.07508866
0.02405821
0.08218314
0.02572533
0.08147551
0.02600352
0.08544723
0.02620678
0.07980908
0.02553233
0.07759720
0.02404555
0.07664936
0.02413144
0.07482552
0.02399730
0.07489977
0.02380499
0.07457059
0.02395863
0.07427324
0.02411364
0.07533469
0.02389738
0.07490217
0.02519871
0.07954491
0.02585570
0.08128765
0.02900002
0.12034135
0.02504678
0.07560638
0.02466593
0.07634824
0.02388370
0.07494186
0.02543002
0.07492373
0.02399217
0.07673764
0.02407292
0.07524196
0.02414649
0.07518789
0.02426523
0.07567961
0.02418482
0.07656929
0.02495473
0.07607312
0.02385769
0.07588389
0.02418037
0.07497232
0.02522813
0.07519371
0.02564765
0.07701207
0.02675324
0.07626303
0.02464848
0.07995827
0.02493522
0.07531655
0.02398122
0.07664149
0.02428576
0.07824838
0.02584885
0.07502193
0.02404965
0.07521629
0.02472684
0.07780422
0.02384742
0.07682421
0.02460878
0.07480499
0.02419577
0.07504110
0.02446609
0.07500003
0.02411809
0.07674209
0.02445035
0.07498943
0.02430492
0.07469002
0.02392305
0.07525804
0.02463445
0.07494836
0.02414033
0.07550578
0.02441134
0.07825009
0.02592208
0.08295784
0.02523395
0.07501064
0.02404658
0.07527652
0.02409585
0.07609057
0.02404076
0.07442209
0.02401167
0.07434544
0.02372116
0.07442654
0.02408969
0.07586918
0.02393673
0.07436323
0.02376119
0.07436255
0.02391004
0.07454733
0.02405410
0.07451311
0.02383579
0.07420856
0.02441887
0.07401284
0.02413452
0.07405390
0.02375332
0.07400907
0.02410030
0.07461918
0.02408490
0.07440532
0.02379336
0.07494357
0.02407395
0.07379623
0.02373998
0.07535385
0.02376427
0.07416887
0.02401749
0.07418872
0.02384914
0.07467496
0.02392613
0.07414595
0.02412117
0.07510816
0.02448286
0.07418769
0.02381765
0.07568508
0.02379610
0.07351359
0.02411535
0.07500106
0.02396582
0.07416203
0.02388096
0.07402344
0.02404350
0.07421062
0.02371842
0.07475674
0.02400209
0.07495658
0.02439355
0.07435160
0.02395658
0.07504862
0.02402023
0.07401420
0.02384606
0.07440703
0.02416258
0.07419761
0.02366367
0.07483373
0.02405171
0.07401865
0.02393639
0.07441832
0.02404007
0.07496171
0.02497902
0.07456409
0.02374169
0.07461166
0.02379644
0.07409804
0.02408764
0.07460071
0.02387377
0.07431841
0.02400859
0.07418290
0.02415505
0.07396425
0.02414820
0.07455725
0.02391928
0.07411686
0.02428542
0.07458086
0.02416600
0.07624798
0.02393126
0.07492954
0.02420535
0.07426571
0.02387514
0.07494049
0.02408182
0.07481354
0.02438294
0.07501577
0.02414307
0.07523614
0.02383476
0.07460071
0.02287015
0.04719252
0.02443906
0.05549799
0.02396753
0.06564954
0.02338445
0.06858889
0.02348437
0.06612962
0.02339335
0.06419663
0.02425154
0.06280805
0.02408969
0.06166139
0.02380123
0.06232591
0.02360276
0.06150844
0.02386796
0.06243028
0.02355691
0.06321354
0.02397027
0.06447346
0.02384127
0.06582439
0.02398327
0.06651766
0.02415026
0.06744566
0.02402844
0.06849479
0.02422930
0.06835450
0.02419337
0.06905529
0.02428405
0.06951552
0.02404692
0.06924109
0.02434667
0.06882774
0.02457764
0.06785012
0.02394187
0.06879317
0.02415197
0.06660252
0.02386556
0.06779024
0.02379747
0.06628566
0.02393194
0.06471641
0.02392442
0.06761093
0.02390731
0.06661860
0.02370645
0.06693478
0.02396137
0.06662134
0.02340396
0.06611765
0.02398875
0.06603689
0.02404315
0.06398824
0.02395727
0.06549932
0.02417010
0.06669936
0.02383682
0.06675376
0.02328830
0.06654606
0.02374374
0.06453779
0.02364417
0.06553936
0.02347616
0.06487723
0.02355417
0.06469177
0.02344639
0.06511539
0.02359455
0.06570121
0.02387206
0.06514174
0.02365820
0.06558350
0.02398601
0.06503121
0.02395042
0.06561464
0.02430184
0.06418807
0.02409619
0.06490803
0.02434017
0.06427499
0.02385119
0.06543328
0.02450544
0.06489639
0.02421253
0.06425172
0.02397301
0.06542336
0.02385461
0.06473796
0.02392989
0.06555441
0.02389944
0.06360499
0.02384024
0.06326007
0.02425736
0.06298872
0.02393673
0.06340619
0.02372458
0.06423803
0.02379370
0.06376993
0.02372219
0.06332132
0.02430355
0.06404744
0.02379747
0.06381099
0.02360345
0.06445772
0.02366983
0.06382194
0.02372287
0.06405428
0.02377009
0.06532173
0.02390046
0.06368370
0.02404897
0.06423872
0.02409517
0.06468937
0.02393126
0.06396805
0.02391791
0.06322859
0.02384537
0.06402588
0.02406197
0.06434274
0.02424299
0.06401630
0.02446062
0.06534192
0.02404692
0.06434308
0.02378925
0.06381133
0.02412220
0.06491282
0.02400346
0.06430305
0.02390696
0.06618985
0.02392886
0.06368951
0.02377317
0.06388832
0.02388609
0.06425138
0.02425565
0.06407173
0.02387685
0.06469827
0.02422588
0.06389653
0.02425462
0.06525158
0.02406950
0.06445053
0.02357470
0.06452957
0.02408387
0.06477560
0.02403220
0.06384452
0.02374066
0.06373674
0.02440039
0.06352492
0.02442606
0.06412614
0.02369618
0.06418602
0.02434872
0.06395881
0.02384298
0.06401219
0.02419063
0.06443000
0.02428166
0.06533199
0.02492564
0.06419355
0.02458449
0.06423701
0.02423614
0.06405736
0.02389191
0.06406934
0.02410509
0.06361321
0.02377009
0.06466884
0.02422896
0.06443958
0.02406095
0.06445292
0.02426249
0.06368507
0.02393845
0.06407926
0.02443940
0.06440707
0.02423717
0.06440228
0.02425154
0.06413743
0.02420911
0.06394547
0.02458688
0.06459117
0.02386590
0.06394649
0.02392613
0.06386437
0.02438739
0.06387019
0.02401509
0.06414325
0.02405581
0.06405805
0.02454103
0.06409842
0.02409345
0.06396326
0.02436925
0.06476705
0.02389909
0.06373742
0.02446986
0.06437320
0.02390731
0.06411314
0.02421459
0.06415317
0.02411809
0.06414428
0.02403768
0.06419560
0.02453282
0.06408405
0.02414855
0.06462538
0.02419987
0.06352766
0.02463718
0.06346812
0.02394289
0.06419526
0.02462829
0.06499973
0.02432477
0.06424659
0.02402296
0.06486457
0.02413725
0.06433145
0.02423820
0.06419697
0.02383340
0.06479271
0.02396993
0.06390783
0.02417660
0.06387943
0.02513574
0.06419594
0.02431245
0.06356291
0.02433127
0.06446456
0.02390457
0.06376479
0.02439218
0.06441426
0.02439937
0.06425617
0.02400996
0.06368438
0.02406060
0.06481119
0.02373279
0.06495046
0.02364040
0.06413333
0.02371740
0.06377403
0.02398293
0.06357762
0.02441476
0.06419492
0.02420706
0.06349515
0.02390252
0.06411690
0.02412767
0.06380243
0.02407703
0.06428389
0.02410406
0.06413196
0.02423478
0.06413435
0.02445104
0.06446285
0.02394529
0.06419287
0.02401646
0.06411177
0.02485481
0.06407036
0.02419645
0.06398140
0.02413554
0.06482111
0.02454000
0.06360876
0.02400962
0.06359849
0.02406950
0.06355743
0.02419063
0.06434924
0.02427173
0.06425206
0.02416326
0.06387395
0.02530033
0.06410732
0.02436789
0.06392665
0.02393708
0.06396189
0.02410132
0.06397182
0.02449073
0.06353074
0.02411399
0.06396018
0.02416189
0.06421305
0.02407429
0.06437730
0.02433640
0.06399337
0.02374956
0.06408029
0.02435214
0.06394239
0.02468167
0.06397216
0.02381047
0.06459596
0.02427310
0.06409979
0.02402707
0.06388422
0.02395966
0.06455969
0.02401749
0.06399337
0.02400825
0.06398653
0.02458688
0.06351671
0.02367154
0.06329292
0.02424025
0.06436772
0.02426797
0.06481290
0.02416805
0.06508939
0.02399730
0.06515337
0.02396171
0.06552054
0.02411672
0.06444163
0.02398019
0.06453744
0.02391210
0.06413538
0.02440826
0.06423324
0.02396616
0.06403478
0.02428097
0.06503737
0.02488390
0.06437593
0.02380123
0.06416618
0.02396514
0.06433384
0.02402844
0.06367172
0.02405718
0.06385753
0.02451126
0.06422811
0.02329206
0.04714667
0.02516483
0.05578406
0.02416223
0.06686668
0.02366846
0.06749733
0.02309941
0.06501171
0.02327187
0.06458569
0.02355349
0.06227424
0.02458449
0.06194814
0.02324826
0.06157551
0.02343373
0.06128362
0.02336495
0.06211958
0.02350901
0.06358960
0.02519015
0.06487586
0.02393194
0.06674726
0.02386145
0.06740083
0.02475318
0.06796783
0.02400449
0.07384619
0.02989791
0.07725571
0.03243040
0.07004180
0.02473334
0.06833704
0.02417695
0.06812386
0.02408730
0.06881542
0.02456601
0.06835689
0.02404144
0.06867444
0.02442914
0.06722632
0.02404110
0.06817006
0.02415984
0.06705283
0.02390217
0.06645812
0.02401133
0.06940226
0.02388643
0.06679551
0.02413315
0.06662921
0.02405000
0.06676095
0.02361166
0.06547160
0.02372355
0.06516330
0.02387446
0.06389653
0.02325579
0.06529709
0.02320036
0.06646017
0.02348779
0.06675719
0.02374648
0.06612209
0.02344741
0.06495320
0.02355417
0.06587504
0.02355486
0.06575117
0.02374853
0.06638557
0.02354767
0.06403204
0.02354904
0.06646085
0.02390833
0.06526698
0.02489964
0.06535081
0.02428166
0.06466987
0.02421835
0.06753839
0.02435796
0.06435643
0.02408353
0.06439202
0.02371671
0.06401356
0.02382039
0.06467124
0.02375948
0.06421579
0.02565997
0.06442829
0.02388233
0.06520333
0.02385427
0.06528032
0.02403973
0.06550343
0.02396069
0.06394307
0.02405410
0.06483206
0.02420022
0.06366659
0.02432545
0.06408166
0.02422212
0.06422674
0.02378070
0.06372579
0.02378275
0.06450425
0.02456396
0.06439373
0.02378001
0.06356496
0.02479698
0.06454908
0.02389465
0.06420792
0.02396514
0.06450973
0.02370371
0.06415215
0.02362364
0.06337539
0.02396787
0.06377677
0.02369173
0.06364606
0.02384263
0.06453505
0.02365683
0.06357317
0.02372527
0.06379764
0.02362877
0.06462983
0.02368797
0.06362142
0.02394187
0.06504832
0.02358394
0.06364229
0.02381423
0.06445772
0.02433435
0.06466302
0.02416429
0.06377198
0.02377043
0.06415078
0.02409106
0.06477321
0.02383271
0.06498707
0.02416429
0.06482727
0.02411125
0.06402417
0.02379849
0.06499597
0.02376393
0.06412922
0.02398053
0.06416036
0.02425770
0.06489229
0.02382279
0.06393041
0.02414957
0.06461272
0.02437986
0.06430236
0.02416326
0.06404881
0.02367633
0.06495491
0.02391107
0.06436601
0.02390936
0.06400330
0.02396069
0.06411998
0.02377454
0.06479956
0.02401270
0.06441973
0.02410475
0.06391775
0.02367428
0.06443889
0.02376291
0.06378601
0.02415026
0.06445977
0.02403631
0.06459048
0.02377420
0.06368678
0.02393126
0.06562011
0.02378891
0.06449467
0.02365546
0.06408987
0.02427481
0.06461888
0.02390731
0.06440776
0.02423786
0.06374597
0.02416121
0.06477731
0.02380739
0.06458432
0.02386932
0.06581892
0.02369858
0.06391193
0.02387377
0.06397455
0.02401133
0.06400706
0.02394734
0.06438996
0.02400141
0.06452410
0.02379233
0.06384384
0.02409243
0.06413025
0.02378378
0.06414838
0.02389430
0.06403341
0.02422622
0.06403033
0.02396240
0.06548871
0.02405239
0.06375795
0.02422143
0.06394205
0.02439868
0.06409534
0.02476003
0.06426986
0.02397129
0.06464420
0.02381252
0.06376240
0.02378754
0.06419697
0.02440792
0.06405394
0.02400722
0.06451418
0.02412459
0.06423598
0.02391586
0.06394239
0.02378104
0.06408850
0.02401030
0.06424830
0.02409722
0.06380962
0.02431142
0.06409466
0.02420945
0.06403409
0.02384092
0.06410390
0.02410680
0.06402999
0.02393331
0.06441289
0.02438226
0.06390406
0.02409790
0.06411314
0.02374032
0.06409226
0.02417079
0.06369430
0.02402707
0.06389311
0.02416737
0.06430236
0.02387172
0.06481701
0.02425223
0.06398379
0.02418003
0.06374905
0.02417832
0.06414462
0.02416258
0.06399645
0.02405684
0.06377198
0.02390081
0.06437148
0.02406095
0.06442110
0.02429397
0.06386437
0.02434735
0.06395573
0.02445891
0.06426780
0.02427276
0.06505140
0.02396582
0.06366522
0.02438465
0.06457543
0.02424230
0.06376651
0.02394187
0.06441255
0.02431861
0.06496346
0.02415231
0.06418294
0.02407361
0.06420176
0.02464540
0.06426404
0.02388130
0.06428149
0.02398088
0.06454874
0.02427823
0.06424522
0.02456156
0.06504319
0.02417113
0.06388387
0.02426420
0.06413914
0.02432374
0.06400569
0.02381629
0.06388558
0.02425086
0.06470614
0.02401509
0.06389551
0.02383032
0.06352937
0.02406916
0.06442007
0.02392647
0.06464865
0.02394289
0.06417712
0.02429842
0.06401801
0.02405684
0.06413538
0.02382313
0.06430510
0.02409585
0.06405394
0.02423238
0.06430989
0.02433812
0.06417268
0.02452255
0.06395744
0.02405000
0.06405189
0.02388233
0.06390304
0.02385050
0.06484678
0.02404623
0.06397182
0.02387959
0.06430784
0.02405787
0.06385889
0.02380123
0.06448817
0.02395829
0.06596127
0.02529041
0.06407071
0.02431587
0.06408268
0.02425531
0.06415557
0.02382450
0.06388901
0.02381697
0.06461478
0.02398396
0.06374187
0.02434051
0.06418157
0.02389567
0.06396326
0.02474942
0.06383220
0.02386693
0.06420792
0.02370747
0.06449399
0.02402365
0.06402554
0.02381252
0.06396942
0.02407327
0.06367548
0.02416565
0.06424796
0.02400414
0.06384521
0.02387172
0.06389790
0.02387617
0.06352048
0.02401544
0.06490426
0.02421356
0.06377130
0.02414033
0.06378019
0.02442811
0.06439612
0.02382416
0.06398858
0.02399285
0.06376206
0.02385701
0.06371449
0.02407532
0.06443855
0.02414068
0.06445600
0.02425120
0.06380757
0.02389259
0.06396874
0.02381629
0.06366145
0.02402947
0.06415351
0.02432135
0.06393075
0.02389157
0.06392049
0.02392955
0.06388216
0.02386590
0.06455558
0.02444043
0.06377301
0.02428131
0.06362108
0.02399525
0.06352116
0.02402844
0.06401425
0.02394426
0.06366864
0.02401817
0.06394820
0.02399696
0.06622509
0.02449004
0.06401835
0.02394974
0.06450870
0.02385085
0.06365153
0.02481957
0.06374700
0.02398327
0.06446969
0.02391689
0.06391638
0.02393365
0.06388079
0.02421664
0.06353348
0.02408079
0.06409192
0.02411672
0.06389790
0.02405821
0.06401390
0.02435420
0.06397353
0.02398464
0.06402314
0.02447020
0.06424453
0.02425941
0.06405599
0.02384469
0.06419252
0.02396548
0.06503121
0.02388814
0.06363784
0.02398019
0.06417884
0.02920122
0.06434274
0.02399833
0.06395881
0.02425189
0.06483069
0.02384811
0.06397763
0.02422451
0.06431023
0.02405616
0.06440707
0.02377112
0.06424077
0.02386659
0.06440262
0.02419919
0.06421784
0.02388438
0.06493095
0.02424059
0.06428765
0.02396993
0.06403204
0.02428918
0.06410561
0.02442811
0.06492719
0.02488698
0.06497304
0.02455951
0.06473694
0.02403426
0.06481427
0.02504849
0.06512737
0.02399764
0.06448988
0.02386282
0.07198129
0.02434154
0.06601054
0.02456669
0.06560608
0.02402536
0.06454805
0.02384298
0.07412781
